1653729054566 0.9664183259010315 0
1653729151666 1.3959665298461914 1
1653729248554 0.8567427396774292 2
1653729345875 0.7392411231994629 3
1653729442635 0.28082075715065 4
1653729539728 1.1371819972991943 5
1653729637121 0.9151808619499207 6
1653729733584 1.3129830360412598 7
1653729829696 0.4479515254497528 8
1653729926099 1.2656915187835693 9
1653730022781 0.45383957028388977 10
1653730118195 0.6069803833961487 11
1653730214011 0.4297509491443634 12
1653730310344 0.19736918807029724 13
1653730407596 1.3464555740356445 14
1653730504576 0.6252870559692383 15
1653730601445 1.0094406604766846 16
1653730698532 0.40141427516937256 17
1653730792816 0.1374044567346573 18
1653730886691 2.4499876499176025 19
1653730980562 1.092231035232544 20
1653731075076 0.6084461808204651 21
1653731169207 0.7188132405281067 22
1653731263849 1.1044692993164062 23
1653731357833 0.24629876017570496 24
1653731451684 0.7281094193458557 25
1653731545931 0.5948336720466614 26
1653731640505 0.23975086212158203 27
1653731734301 0.2091408669948578 28
1653731829381 0.15334640443325043 29
1653731925833 0.271800696849823 30
1653732025049 0.17090477049350739 31
1653732121660 0.45589369535446167 32
1653732215695 0.2774711847305298 33
1653732310437 0.2697727680206299 34
1653732404377 0.6359472274780273 35
1653732499469 0.11430765688419342 36
1653732593658 0.05385291576385498 37
1653732688396 0.20221318304538727 38
1653732782740 0.09333028644323349 39
1653732876840 0.33216869831085205 40
1653732970822 0.29272377490997314 41
1653733064902 0.08073237538337708 42
1653733159931 0.9489700198173523 43
1653733255992 0.41460901498794556 44
1653733352465 0.3207181394100189 45
1653733447751 0.5086454153060913 46
1653733543928 0.8589534163475037 47
1653733639879 0.2899211347103119 48
1653733734559 0.42878812551498413 49
1653733829097 0.09963653981685638 50
1653733928329 0.30752798914909363 51
1653734028578 0.07478998601436615 52
1653734123150 0.23679882287979126 53
1653734219160 0.2710534334182739 54
1653734313564 1.3349273204803467 55
1653734411473 1.0459426641464233 56
1653734506485 0.21713683009147644 57
1653734603235 0.1955426037311554 58
1653734696730 0.09593531489372253 59
1653734792835 0.15269586443901062 60
1653734887177 2.331636905670166 61
1653734981281 0.2893454134464264 62
1653735075280 0.39247220754623413 63
1653735169290 2.826017141342163 64
1653735263005 0.3870532214641571 65
1653735357825 0.36931511759757996 66
1653735451913 0.057512130588293076 67
1653735545805 0.18997308611869812 68
1653735642831 0.41350895166397095 69
1653735739550 0.11648046970367432 70
1653735835122 0.19107666611671448 71
1653735929921 0.25779619812965393 72
1653736024865 0.13831377029418945 73
1653736119820 0.27767497301101685 74
1653736216956 0.29264819622039795 75
1653736308970 0.24116557836532593 76
1653736401903 0.04670152813196182 77
1653736496765 0.9636613130569458 78
1653736592620 0.17087849974632263 79
1653736689290 0.0723278820514679 80
1653736786499 0.07475755363702774 81
1653736883308 0.38636648654937744 82
1653736979890 0.37170928716659546 83
1653737075872 0.21844545006752014 84
1653737172723 0.20932945609092712 85
1653737269419 0.0363837406039238 86
1653737364045 0.47353243827819824 87
1653737453431 0.6731363534927368 88
1653737534681 0.15163485705852509 89
1653737616784 0.04883987829089165 90
1653737698922 0.2445777952671051 91
1653737780082 0.05612858384847641 92
1653737861283 0.10495484620332718 93
1653737942499 0.2174760103225708 94
1653738023732 0.13279160857200623 95
1653738102571 0.0689479187130928 96
1653738182071 0.09489282965660095 97
1653738261033 0.2905404269695282 98
1653738340577 0.11284434050321579 99
1653738421701 0.29409995675086975 100
1653738502799 0.6268609762191772 101
1653738584134 0.1050126850605011 102
1653738665177 0.36762624979019165 103
1653738746286 0.017313646152615547 104
1653738828380 0.059806350618600845 105
1653738909609 0.44526857137680054 106
1653738989652 0.041862912476062775 107
1653739068490 0.17898830771446228 108
1653739147396 0.14664426445960999 109
1653739226183 0.4854811728000641 110
1653739304927 0.01757393404841423 111
1653739383659 0.20155872404575348 112
1653739462460 0.03263232111930847 113
1653739541372 0.0646786242723465 114
1653739620306 0.14838044345378876 115
1653739699063 0.1321689933538437 116
1653739777944 0.43756359815597534 117
1653739856722 0.2573246359825134 118
1653739935681 0.35075467824935913 119
1653740015191 0.24338769912719727 120
1653740094183 0.3618054687976837 121
1653740172936 0.14333277940750122 122
1653740251835 0.05581474304199219 123
1653740331979 0.050406526774168015 124
1653740412975 0.5811038613319397 125
1653740494087 0.3013724088668823 126
1653740576964 0.743706464767456 127
1653740659056 0.03132687136530876 128
1653740740231 0.2646213173866272 129
1653740821669 0.05781184881925583 130
1653740902986 0.020499153062701225 131
1653740984595 0.47847500443458557 132
1653741065741 0.20523205399513245 133
1653741146906 0.31503280997276306 134
1653741228585 0.08495557308197021 135
1653741309704 0.024054501205682755 136
1653741390720 0.054232820868492126 137
1653741471839 0.14296764135360718 138
1653741553080 0.0937768816947937 139
1653741632968 0.4812355935573578 140
1653741711782 0.020056236535310745 141
1653741791306 0.906545877456665 142
1653741869994 0.14727817475795746 143
1653741948793 1.9640800952911377 144
1653742027609 0.14504261314868927 145
1653742106257 0.02254478447139263 146
1653742184977 0.05005931481719017 147
1653742263721 0.19963890314102173 148
1653742342447 0.008327078074216843 149
1653742421971 0.02833160199224949 150
1653742500805 0.09565208107233047 151
1653742579737 0.13404524326324463 152
1653742658809 0.14255285263061523 153
1653742737472 0.19158633053302765 154
1653742816104 0.0861215591430664 155
1653742894832 0.02724962867796421 156
1653742973675 0.17193244397640228 157
1653743052429 0.03675920516252518 158
1653743131212 1.174605131149292 159
1653743209980 0.018621059134602547 160
1653743288638 1.026151180267334 161
1653743367274 0.13805609941482544 162
1653743445948 0.08713019639253616 163
1653743524643 0.05702066421508789 164
1653743604509 0.5257387161254883 165
1653743683380 0.291340708732605 166
1653743762156 0.0739334300160408 167
1653743841216 0.12395651638507843 168
1653743919971 0.023997800424695015 169
1653743998772 0.07766300439834595 170
1653744077594 0.1092754676938057 171
1653744156444 0.5552104711532593 172
1653744235183 0.3400971591472626 173
1653744314116 0.018941489979624748 174
1653744393095 0.39035943150520325 175
1653744471830 0.1485912948846817 176
1653744550667 0.032125767320394516 177
1653744629556 0.03806498646736145 178
1653744708309 0.1086203008890152 179
1653744787871 0.03452744707465172 180
1653744866719 0.1651293784379959 181
1653744945365 0.021860921755433083 182
1653745024122 0.18608708679676056 183
1653745102938 0.02891595847904682 184
1653745181763 0.016306977719068527 185
1653745260530 0.02289888635277748 186
1653745339469 0.06752954423427582 187
1653745418384 0.06525281071662903 188
1653745497019 0.03931698203086853 189
1653745575977 0.1875317096710205 190
1653745654687 0.11380859464406967 191
1653745733430 0.07467149198055267 192
1653745811970 0.06333179771900177 193
1653745890587 0.036298107355833054 194
1653745970740 0.027673738077282906 195
1653746049430 0.07722628116607666 196
1653746128173 0.022673970088362694 197
1653746207034 0.8979565501213074 198
1653746285834 0.054890066385269165 199
1653746364743 0.027356013655662537 200
1653746443539 0.03824181854724884 201
1653746522754 0.230291485786438 202
1653746601465 0.022691279649734497 203
1653746680225 0.037227075546979904 204
1653746759049 1.5248078107833862 205
1653746837810 0.08913221210241318 206
1653746916703 0.036187492311000824 207
1653746995402 0.06375706195831299 208
1653747074099 0.2874169945716858 209
1653747153858 0.10240859538316727 210
1653747232498 0.02929012104868889 211
1653747311339 0.018981672823429108 212
1653747390454 0.09417647123336792 213
1653747469093 0.022329119965434074 214
1653747547731 0.062064480036497116 215
1653747626522 0.00638510100543499 216
1653747705240 0.17565372586250305 217
1653747783946 1.0307981967926025 218
1653747862725 0.19713377952575684 219
1653747941408 0.024696674197912216 220
1653748020241 0.05130589380860329 221
1653748098939 0.004485012963414192 222
1653748178146 0.024097716435790062 223
1653748256890 0.34674692153930664 224
1653748336572 0.1261408030986786 225
1653748415311 0.03189223259687424 226
1653748494223 0.02105015330016613 227
1653748572997 0.02129027619957924 228
1653748651734 0.05048232898116112 229
1653748733310 0.05701279640197754 230
1653748814544 0.044173888862133026 231
1653748898129 0.20735283195972443 232
1653748981974 0.24570943415164948 233
1653749063465 0.5949456095695496 234
1653749145178 0.0585426390171051 235
1653749226563 0.020441796630620956 236
1653749308079 0.27253779768943787 237
1653749389364 0.024301987141370773 238
1653749471411 0.040233854204416275 239
1653749553752 0.006797231268137693 240
1653749636510 0.04079659655690193 241
1653749717574 0.338925838470459 242
1653749799979 0.02827276475727558 243
1653749881334 0.04471900686621666 244
1653749962705 0.027257874608039856 245
1653750045110 0.007097913417965174 246
1653750126625 0.1061662808060646 247
1653750208097 0.03846325725317001 248
1653750289551 2.408661127090454 249
1653750370992 0.07958562672138214 250
1653750450541 0.14556002616882324 251
1653750529437 0.015345288440585136 252
1653750608226 0.1757477968931198 253
1653750686999 0.021511713042855263 254
1653750767068 0.6450486183166504 255
1653750845932 0.14815999567508698 256
1653750924673 0.0023280251771211624 257
1653751003510 0.06303845345973969 258
1653751082224 0.02944301813840866 259
1653751161122 0.4770827889442444 260
1653751239748 0.007182979956269264 261
1653751319024 0.2793245017528534 262
1653751397883 0.011543521657586098 263
1653751476581 0.20764389634132385 264
1653751555369 0.46150246262550354 265
1653751633977 0.027311528101563454 266
1653751712713 0.20067188143730164 267
1653751791376 0.012046964839100838 268
1653751870021 0.04601241275668144 269
1653751949664 0.09703682363033295 270
1653752028352 0.06978879868984222 271
1653752107023 0.06086438149213791 272
1653752185748 0.015824148431420326 273
1653752264530 0.0068976012989878654 274
1653752343514 0.03439818695187569 275
1653752422188 0.4136306941509247 276
1653752500919 0.0021410014014691114 277
1653752579651 0.05442645773291588 278
1653752658268 0.006400023587048054 279
1653752737004 0.3037736415863037 280
1653752815733 0.014046373777091503 281
1653752894674 0.04600377380847931 282
1653752973323 0.030443288385868073 283
1653753051939 0.036234188824892044 284
1653753132304 0.1953858733177185 285
1653753211105 0.038713786751031876 286
1653753289923 0.18577978014945984 287
1653753368765 0.01712203025817871 288
1653753447634 0.26735350489616394 289
1653753526558 0.007674660068005323 290
1653753605465 0.023019365966320038 291
1653753684167 0.0251705814152956 292
1653753762885 0.1304979771375656 293
1653753841712 0.19984927773475647 294
1653753920329 0.1364791989326477 295
1653753998952 0.025908546522259712 296
1653754077681 0.006657806690782309 297
1653754156383 0.00215778686106205 298
1653754235036 0.02216307260096073 299
