1653729054577 1.2024147510528564 0
1653729151672 1.2139455080032349 1
1653729248562 1.7360979318618774 2
1653729345884 1.4024120569229126 3
1653729442642 1.7648732662200928 4
1653729539736 0.9816368818283081 5
1653729637129 1.6393158435821533 6
1653729733592 1.3372771739959717 7
1653729829702 1.395323634147644 8
1653729926108 1.5054738521575928 9
1653730022787 1.6826379299163818 10
1653730118205 1.4619836807250977 11
1653730214020 1.666168212890625 12
1653730310351 2.4152557849884033 13
1653730407605 1.4473457336425781 14
1653730504583 1.5324143171310425 15
1653730601454 1.2822206020355225 16
1653730698540 1.9471256732940674 17
1653730792823 2.609825372695923 18
1653730886703 1.6158031225204468 19
1653730980568 2.9212491512298584 20
1653731075083 2.452026844024658 21
1653731169214 2.2890286445617676 22
1653731263857 2.5303831100463867 23
1653731357840 3.469036340713501 24
1653731451692 2.350827217102051 25
1653731545938 3.23401141166687 26
1653731640513 3.2122201919555664 27
1653731734308 2.9276247024536133 28
1653731829390 3.8062052726745605 29
1653731925842 2.3964502811431885 30
1653732025057 2.859804630279541 31
1653732121668 2.6504344940185547 32
1653732215704 2.927851676940918 33
1653732310445 3.3480992317199707 34
1653732404385 2.3325366973876953 35
1653732499477 3.6228110790252686 36
1653732593667 3.8912410736083984 37
1653732688405 3.00437068939209 38
1653732782749 3.201293468475342 39
1653732876848 3.565565824508667 40
1653732970831 2.5961742401123047 41
1653733064911 4.13090705871582 42
1653733159938 2.9923877716064453 43
1653733256000 3.933396816253662 44
1653733352474 3.769059181213379 45
1653733447759 4.14918851852417 46
1653733543936 2.8169679641723633 47
1653733639887 2.7021877765655518 48
1653733734566 3.2466351985931396 49
1653733829106 4.331377029418945 50
1653733928341 3.693671464920044 51
1653734028587 4.130730628967285 52
1653734123160 3.2675046920776367 53
1653734219167 3.618131637573242 54
1653734313574 2.532474994659424 55
1653734411482 2.7199289798736572 56
1653734506493 3.8840079307556152 57
1653734603244 4.898258209228516 58
1653734696739 5.660967826843262 59
1653734792844 4.171874523162842 60
1653734887187 2.679537057876587 61
1653734981289 3.5678136348724365 62
1653735075288 2.9718902111053467 63
1653735169298 3.6828866004943848 64
1653735263014 3.821998119354248 65
1653735357834 4.328664779663086 66
1653735451921 4.363000869750977 67
1653735545815 4.35178279876709 68
1653735642839 5.979676246643066 69
1653735739559 3.4745330810546875 70
1653735835130 4.498452186584473 71
1653735929931 4.958343029022217 72
1653736024872 4.466949462890625 73
1653736119829 3.4312477111816406 74
1653736216964 3.5549259185791016 75
1653736308978 3.6601741313934326 76
1653736401912 4.834216594696045 77
1653736496773 3.992280960083008 78
1653736592629 3.5073776245117188 79
1653736689300 4.056887626647949 80
1653736786510 3.762455940246582 81
1653736883316 3.239497423171997 82
1653736979899 5.256558418273926 83
1653737075880 4.746369361877441 84
1653737172731 4.269186496734619 85
1653737269428 4.974856853485107 86
1653737364053 4.941823959350586 87
1653737453437 5.031822204589844 88
1653737534686 5.271883010864258 89
1653737616790 4.938098907470703 90
1653737698928 4.311468601226807 91
1653737780088 4.357312202453613 92
1653737861288 4.9524946212768555 93
1653737942505 5.28739070892334 94
1653738023739 4.533456802368164 95
1653738102577 6.79055643081665 96
1653738182078 5.805418014526367 97
1653738261039 4.087559700012207 98
1653738340583 4.73771858215332 99
1653738421708 3.644385576248169 100
1653738502805 4.2114715576171875 101
1653738584141 3.827963352203369 102
1653738665183 5.3589982986450195 103
1653738746291 4.940614223480225 104
1653738828386 4.358292579650879 105
1653738909616 5.295847415924072 106
1653738989659 5.312229156494141 107
1653739068496 4.149031639099121 108
1653739147404 3.802490234375 109
1653739226189 3.8092880249023438 110
1653739304933 5.625906467437744 111
1653739383664 7.0898637771606445 112
1653739462466 5.270870685577393 113
1653739541378 4.999626159667969 114
1653739620313 5.4505767822265625 115
1653739699068 4.478745460510254 116
1653739777949 3.719766139984131 117
1653739856728 5.693426132202148 118
1653739935688 4.326545238494873 119
1653740015197 5.079328536987305 120
1653740094189 4.318880558013916 121
1653740172943 5.407238960266113 122
1653740251841 4.984705924987793 123
1653740331985 5.0482707023620605 124
1653740412983 4.581531524658203 125
1653740494093 5.765459060668945 126
1653740576971 2.1515133380889893 127
1653740659063 6.243099212646484 128
1653740740238 4.12078332901001 129
1653740821675 4.595674514770508 130
1653740902994 6.530982494354248 131
1653740984602 4.7609453201293945 132
1653741065748 4.749982833862305 133
1653741146911 3.7988650798797607 134
1653741228590 5.711216926574707 135
1653741309710 9.09769344329834 136
1653741390725 5.514603137969971 137
1653741471846 4.701382160186768 138
1653741553086 6.396688461303711 139
1653741632975 3.0388481616973877 140
1653741711789 6.604175090789795 141
1653741791312 3.759647846221924 142
1653741870000 5.035552978515625 143
1653741948799 2.206109046936035 144
1653742027614 3.96392822265625 145
1653742106262 5.23944091796875 146
1653742184983 4.944334506988525 147
1653742263726 4.025539398193359 148
1653742342453 6.029194355010986 149
1653742421977 6.146799087524414 150
1653742500810 6.634333610534668 151
1653742579743 5.532305717468262 152
1653742658815 3.679108142852783 153
1653742737478 4.364946365356445 154
1653742816111 4.563373565673828 155
1653742894838 5.104177951812744 156
1653742973681 7.265315055847168 157
1653743052435 6.700994491577148 158
1653743131218 5.6298956871032715 159
1653743209985 8.989665985107422 160
1653743288643 3.7779903411865234 161
1653743367280 3.983393907546997 162
1653743445954 4.579056262969971 163
1653743524648 6.424126625061035 164
1653743604515 5.126603603363037 165
1653743683386 5.4891462326049805 166
1653743762163 5.361067771911621 167
1653743841223 5.519032001495361 168
1653743919977 5.553833484649658 169
1653743998778 4.43872594833374 170
1653744077601 6.955945014953613 171
1653744156451 4.66156005859375 172
1653744235189 3.799004554748535 173
1653744314122 5.446498870849609 174
1653744393102 3.181844711303711 175
1653744471836 5.732637405395508 176
1653744550673 4.744293212890625 177
1653744629562 7.806078910827637 178
1653744708315 4.9592814445495605 179
1653744787877 5.532501220703125 180
1653744866725 4.495645999908447 181
1653744945371 4.953152656555176 182
1653745024128 7.19447135925293 183
1653745102946 5.270423889160156 184
1653745181768 6.946009635925293 185
1653745260537 5.042910099029541 186
1653745339475 5.313835620880127 187
1653745418390 4.943929672241211 188
1653745497026 5.555554389953613 189
1653745575983 4.288141250610352 190
1653745654693 3.507157325744629 191
1653745733437 4.792399883270264 192
1653745811976 3.821585178375244 193
1653745890592 4.941250801086426 194
1653745970746 5.131989002227783 195
1653746049436 6.397491455078125 196
1653746128179 5.061097145080566 197
1653746207040 4.278497219085693 198
1653746285841 6.203969955444336 199
1653746364749 4.970489025115967 200
1653746443545 5.371105194091797 201
1653746522760 4.416419982910156 202
1653746601471 5.520106315612793 203
1653746680232 8.499468803405762 204
1653746759055 3.6469664573669434 205
1653746837816 5.925073623657227 206
1653746916709 5.196897983551025 207
1653746995407 5.270732879638672 208
1653747074105 3.9744911193847656 209
1653747153864 5.041571617126465 210
1653747232507 6.425999164581299 211
1653747311346 5.230002403259277 212
1653747390461 5.326751708984375 213
1653747469099 7.08505392074585 214
1653747547737 4.727933883666992 215
1653747626528 6.266421318054199 216
1653747705246 5.8694844245910645 217
1653747783952 2.6638855934143066 218
1653747862730 3.8729076385498047 219
1653747941414 5.220951080322266 220
1653748020247 5.158718109130859 221
1653748098945 6.683979511260986 222
1653748178153 4.823421478271484 223
1653748256897 7.809261322021484 224
1653748336578 5.250280380249023 225
1653748415318 5.812444686889648 226
1653748494228 5.806918144226074 227
1653748573004 5.654662609100342 228
1653748651740 5.301571369171143 229
1653748733318 6.245477676391602 230
1653748814550 8.625661849975586 231
1653748898136 5.971148490905762 232
1653748981981 4.184764862060547 233
1653749063471 7.345660209655762 234
1653749145184 5.71004056930542 235
1653749226571 7.712010383605957 236
1653749308086 5.128562927246094 237
1653749389371 5.532172203063965 238
1653749471416 5.740011692047119 239
1653749553758 6.618865489959717 240
1653749636516 6.502815246582031 241
1653749717580 4.306398391723633 242
1653749799985 5.243375778198242 243
1653749881340 8.310920715332031 244
1653749962711 7.036552429199219 245
1653750045116 6.578033447265625 246
1653750126631 7.002092361450195 247
1653750208104 4.971501350402832 248
1653750289557 2.270108222961426 249
1653750370998 6.252392768859863 250
1653750450547 4.403816223144531 251
1653750529444 10.565731048583984 252
1653750608233 4.365811347961426 253
1653750687005 6.432376861572266 254
1653750767073 3.7676165103912354 255
1653750845939 15.111457824707031 256
1653750924679 11.24479866027832 257
1653751003515 5.296501159667969 258
1653751082230 7.136083602905273 259
1653751161128 6.625347137451172 260
1653751239755 10.388381958007812 261
1653751319030 4.7780303955078125 262
1653751397890 7.6570143699646 263
1653751476587 5.751001358032227 264
1653751555375 2.6030025482177734 265
1653751633983 6.284831523895264 266
1653751712718 4.8736958503723145 267
1653751791383 6.537161350250244 268
1653751870027 5.878721237182617 269
1653751949670 11.143355369567871 270
1653752028359 5.287762641906738 271
1653752107029 10.903768539428711 272
1653752185754 11.14892578125 273
1653752264536 7.844851016998291 274
1653752343521 7.739561557769775 275
1653752422194 6.992622375488281 276
1653752500925 8.380871772766113 277
1653752579657 5.150258541107178 278
1653752658275 12.522187232971191 279
1653752737010 4.198962211608887 280
1653752815739 6.025430679321289 281
1653752894680 5.659911155700684 282
1653752973331 6.344929218292236 283
1653753051945 4.383769989013672 284
1653753132310 8.28205394744873 285
1653753211111 4.933072090148926 286
1653753289930 5.041653633117676 287
1653753368772 6.860816955566406 288
1653753447641 6.180753707885742 289
1653753526564 11.046634674072266 290
1653753605471 8.144072532653809 291
1653753684173 5.751710891723633 292
1653753762891 5.042351245880127 293
1653753841719 3.8974838256835938 294
1653753920336 5.99990177154541 295
1653753998958 5.5791473388671875 296
1653754077688 6.670008659362793 297
1653754156389 9.327138900756836 298
1653754235042 12.404912948608398 299
