1653729054562 8.246857643127441 0
1653729151663 8.734162330627441 1
1653729248550 7.043575763702393 2
1653729345871 5.203028678894043 3
1653729442632 10.9545316696167 4
1653729539724 5.679676055908203 5
1653729637117 8.062856674194336 6
1653729733580 5.857515335083008 7
1653729829692 16.332372665405273 8
1653729926095 8.064679145812988 9
1653730022776 13.379966735839844 10
1653730118190 7.667640686035156 11
1653730214008 10.386534690856934 12
1653730310339 12.680893898010254 13
1653730407592 7.668483257293701 14
1653730504572 6.505383491516113 15
1653730601441 8.373720169067383 16
1653730698527 13.309244155883789 17
1653730792811 14.95337963104248 18
1653730886688 9.195510864257812 19
1653730980556 12.973608016967773 20
1653731075072 7.896414279937744 21
1653731169204 10.590682983398438 22
1653731263846 12.340463638305664 23
1653731357828 11.767782211303711 24
1653731451680 11.375611305236816 25
1653731545926 11.239745140075684 26
1653731640501 9.609663009643555 27
1653731734297 15.402949333190918 28
1653731829376 11.405734062194824 29
1653731925828 9.307924270629883 30
1653732025045 17.434255599975586 31
1653732121656 9.742382049560547 32
1653732215692 8.027019500732422 33
1653732310433 12.918977737426758 34
1653732404372 7.630043983459473 35
1653732499465 13.99349308013916 36
1653732593654 17.488239288330078 37
1653732688392 11.808943748474121 38
1653732782735 17.639245986938477 39
1653732876836 9.307602882385254 40
1653732970818 12.141085624694824 41
1653733064895 11.458917617797852 42
1653733159927 7.795840263366699 43
1653733255987 9.960990905761719 44
1653733352463 11.985148429870605 45
1653733447746 12.94732666015625 46
1653733543923 12.037578582763672 47
1653733639876 8.909906387329102 48
1653733734555 9.595699310302734 49
1653733829093 13.336578369140625 50
1653733928325 11.903120040893555 51
1653734028574 14.877408027648926 52
1653734123146 11.124109268188477 53
1653734219156 10.348465919494629 54
1653734313559 9.842723846435547 55
1653734411469 10.767029762268066 56
1653734506481 9.358041763305664 57
1653734603230 13.383835792541504 58
1653734696726 14.649394035339355 59
1653734792831 13.11679458618164 60
1653734887172 12.681154251098633 61
1653734981276 7.007793426513672 62
1653735075276 12.295783996582031 63
1653735169286 12.359586715698242 64
1653735263000 11.179849624633789 65
1653735357820 8.019869804382324 66
1653735451909 9.506102561950684 67
1653735545800 8.749521255493164 68
1653735642827 12.647083282470703 69
1653735739546 21.3514404296875 70
1653735835118 15.085345268249512 71
1653735929916 13.888235092163086 72
1653736024861 13.936920166015625 73
1653736119815 7.602065563201904 74
1653736216951 7.766779899597168 75
1653736308964 9.94572639465332 76
1653736401898 14.532224655151367 77
1653736496761 13.392709732055664 78
1653736592615 13.746307373046875 79
1653736689286 12.681528091430664 80
1653736786494 14.353638648986816 81
1653736883304 6.186656951904297 82
1653736979886 11.465700149536133 83
1653737075868 14.897882461547852 84
1653737172718 10.825920104980469 85
1653737269415 14.919597625732422 86
1653737364040 16.501842498779297 87
1653737453427 13.806425094604492 88
1653737534678 13.725546836853027 89
1653737616781 9.450020790100098 90
1653737698919 9.203902244567871 91
1653737780078 9.755664825439453 92
1653737861279 14.47887897491455 93
1653737942496 11.826769828796387 94
1653738023728 10.411398887634277 95
1653738102568 13.325983047485352 96
1653738182067 12.657544136047363 97
1653738261029 9.299036026000977 98
1653738340574 10.629941940307617 99
1653738421698 9.853632926940918 100
1653738502796 9.235309600830078 101
1653738584131 15.651491165161133 102
1653738665173 13.445984840393066 103
1653738746282 17.097963333129883 104
1653738828376 9.92997932434082 105
1653738909606 14.769353866577148 106
1653738989648 14.236361503601074 107
1653739068486 13.535157203674316 108
1653739147391 15.754207611083984 109
1653739226180 11.636810302734375 110
1653739304924 15.10163688659668 111
1653739383655 16.58884048461914 112
1653739462457 15.569843292236328 113
1653739541369 11.456318855285645 114
1653739620303 10.963176727294922 115
1653739699059 11.967018127441406 116
1653739777940 9.9425630569458 117
1653739856719 14.689735412597656 118
1653739935678 15.701423645019531 119
1653740015188 11.194679260253906 120
1653740094179 10.820817947387695 121
1653740172932 11.293350219726562 122
1653740251832 13.78235912322998 123
1653740331975 10.844854354858398 124
1653740412972 7.864710330963135 125
1653740494084 14.969654083251953 126
1653740576961 7.2646989822387695 127
1653740659052 15.856624603271484 128
1653740740228 12.608562469482422 129
1653740821665 9.376786231994629 130
1653740902982 17.543622970581055 131
1653740984591 11.721036911010742 132
1653741065738 14.953660011291504 133
1653741146902 7.446401596069336 134
1653741228582 12.480756759643555 135
1653741309701 17.42123794555664 136
1653741390716 17.029006958007812 137
1653741471836 11.40908432006836 138
1653741553076 15.160839080810547 139
1653741632963 11.45752239227295 140
1653741711779 14.293533325195312 141
1653741791303 9.961095809936523 142
1653741869990 15.255786895751953 143
1653741948789 7.913280963897705 144
1653742027605 15.70375919342041 145
1653742106253 12.075826644897461 146
1653742184974 13.401142120361328 147
1653742263718 10.170682907104492 148
1653742342444 13.637870788574219 149
1653742421968 11.675105094909668 150
1653742500802 19.778141021728516 151
1653742579733 13.069289207458496 152
1653742658806 13.429119110107422 153
1653742737469 12.76214599609375 154
1653742816101 16.086658477783203 155
1653742894829 14.742658615112305 156
1653742973670 12.35557746887207 157
1653743052426 17.07465362548828 158
1653743131208 9.391961097717285 159
1653743209976 15.600570678710938 160
1653743288635 11.785296440124512 161
1653743367271 15.04015064239502 162
1653743445944 13.582918167114258 163
1653743524639 17.382896423339844 164
1653743604506 10.878713607788086 165
1653743683376 13.246417999267578 166
1653743762153 11.253045082092285 167
1653743841213 12.930301666259766 168
1653743919967 15.060527801513672 169
1653743998768 15.676054000854492 170
1653744077591 15.98984432220459 171
1653744156441 11.012906074523926 172
1653744235179 15.201945304870605 173
1653744314113 13.591115951538086 174
1653744393092 8.061939239501953 175
1653744471826 13.550045013427734 176
1653744550664 14.877622604370117 177
1653744629553 18.382110595703125 178
1653744708305 9.741159439086914 179
1653744787868 16.861902236938477 180
1653744866716 12.7646484375 181
1653744945361 13.163046836853027 182
1653745024119 19.324153900146484 183
1653745102934 10.90128231048584 184
1653745181759 12.43307876586914 185
1653745260527 17.200345993041992 186
1653745339465 13.581199645996094 187
1653745418380 19.37820816040039 188
1653745497016 14.914837837219238 189
1653745575974 10.585006713867188 190
1653745654684 10.316099166870117 191
1653745733426 19.492273330688477 192
1653745811967 10.420265197753906 193
1653745890583 13.199376106262207 194
1653745970737 12.049412727355957 195
1653746049426 12.982751846313477 196
1653746128170 9.693256378173828 197
1653746207031 13.821250915527344 198
1653746285831 14.730679512023926 199
1653746364740 11.952766418457031 200
1653746443536 14.526651382446289 201
1653746522751 10.712646484375 202
1653746601462 12.727275848388672 203
1653746680222 17.92920684814453 204
1653746759046 9.180451393127441 205
1653746837807 16.593830108642578 206
1653746916700 15.066118240356445 207
1653746995398 10.743919372558594 208
1653747074095 10.901896476745605 209
1653747153855 15.138582229614258 210
1653747232494 11.205489158630371 211
1653747311336 12.828533172607422 212
1653747390451 16.95810317993164 213
1653747469089 16.403440475463867 214
1653747547727 9.004234313964844 215
1653747626519 17.706872940063477 216
1653747705236 16.577844619750977 217
1653747783943 10.569961547851562 218
1653747862721 12.10902214050293 219
1653747941404 16.45120620727539 220
1653748020238 10.693765640258789 221
1653748098935 12.01616096496582 222
1653748178142 13.183117866516113 223
1653748256886 18.229976654052734 224
1653748336568 11.120156288146973 225
1653748415308 15.345873832702637 226
1653748494219 14.446821212768555 227
1653748572993 13.873144149780273 228
1653748651730 16.10177993774414 229
1653748733307 14.478327751159668 230
1653748814540 16.341503143310547 231
1653748898125 17.223859786987305 232
1653748981971 11.80842113494873 233
1653749063461 14.601337432861328 234
1653749145175 15.886434555053711 235
1653749226560 17.031078338623047 236
1653749308075 14.361987113952637 237
1653749389361 15.427313804626465 238
1653749471408 9.991647720336914 239
1653749553748 18.39784812927246 240
1653749636506 15.06085205078125 241
1653749717570 13.645669937133789 242
1653749799975 13.405981063842773 243
1653749881330 27.021024703979492 244
1653749962701 16.29515838623047 245
1653750045106 12.236654281616211 246
1653750126622 15.452383041381836 247
1653750208093 10.972542762756348 248
1653750289547 7.189634323120117 249
1653750370988 17.813318252563477 250
1653750450537 13.338379859924316 251
1653750529434 19.534107208251953 252
1653750608222 10.256242752075195 253
1653750686996 18.369417190551758 254
1653750767064 10.810355186462402 255
1653750845928 31.144210815429688 256
1653750924670 20.540294647216797 257
1653751003505 17.624095916748047 258
1653751082221 11.73541259765625 259
1653751161119 12.062932014465332 260
1653751239744 20.073657989501953 261
1653751319021 12.27708625793457 262
1653751397880 19.526704788208008 263
1653751476578 11.008106231689453 264
1653751555366 6.850277423858643 265
1653751633974 16.134754180908203 266
1653751712709 17.336992263793945 267
1653751791373 19.543989181518555 268
1653751870018 10.865394592285156 269
1653751949660 17.156692504882812 270
1653752028347 10.098151206970215 271
1653752107019 15.482828140258789 272
1653752185744 20.093669891357422 273
1653752264527 20.813199996948242 274
1653752343510 12.17594051361084 275
1653752422184 16.476608276367188 276
1653752500915 14.796422004699707 277
1653752579648 11.98413372039795 278
1653752658264 24.151748657226562 279
1653752737001 15.617166519165039 280
1653752815729 19.300872802734375 281
1653752894670 13.952153205871582 282
1653752973320 15.91679573059082 283
1653753051936 10.45775032043457 284
1653753132300 13.707988739013672 285
1653753211102 19.29865264892578 286
1653753289920 9.42544174194336 287
1653753368761 13.657403945922852 288
1653753447631 13.61486530303955 289
1653753526555 14.482444763183594 290
1653753605462 15.346206665039062 291
1653753684164 10.379592895507812 292
1653753762882 15.97728157043457 293
1653753841709 10.961349487304688 294
1653753920325 11.067939758300781 295
1653753998949 13.7327241897583 296
1653754077678 21.063030242919922 297
1653754156380 17.056591033935547 298
1653754235033 27.777925491333008 299
