1653729054570 0.07044442743062973 0
1653729151669 0.07520216703414917 1
1653729248558 0.053074780851602554 2
1653729345880 0.03800616413354874 3
1653729442638 0.09189657866954803 4
1653729539732 0.04698038846254349 5
1653729637126 0.06423540413379669 6
1653729733588 0.04520237818360329 7
1653729829699 0.1493704915046692 8
1653729926103 0.06559205055236816 9
1653730022784 0.11697328090667725 10
1653730118199 0.06205657124519348 11
1653730214016 0.08720366656780243 12
1653730310348 0.10265637934207916 13
1653730407601 0.062211375683546066 14
1653730504579 0.049729689955711365 15
1653730601449 0.07091499865055084 16
1653730698536 0.11362119019031525 17
1653730792820 0.12343554198741913 18
1653730886694 0.07579708099365234 19
1653730980565 0.10052359104156494 20
1653731075079 0.05444387346506119 21
1653731169211 0.083016537129879 22
1653731263853 0.09810080379247665 23
1653731357837 0.0829874575138092 24
1653731451688 0.09024783968925476 25
1653731545934 0.08005733788013458 26
1653731640508 0.06397442519664764 27
1653731734305 0.12475324422121048 28
1653731829385 0.07599528878927231 29
1653731925838 0.06911474466323853 30
1653732025053 0.14574450254440308 31
1653732121664 0.070919468998909 32
1653732215700 0.05099167674779892 33
1653732310441 0.09570877999067307 34
1653732404380 0.05297507345676422 35
1653732499473 0.10370682179927826 36
1653732593664 0.13596998155117035 37
1653732688400 0.08804573118686676 38
1653732782745 0.14437952637672424 39
1653732876844 0.05742037296295166 40
1653732970826 0.09544911235570908 41
1653733064906 0.07328011095523834 42
1653733159935 0.04803452640771866 43
1653733255997 0.060275934636592865 44
1653733352469 0.08216089010238647 45
1653733447754 0.08798138797283173 46
1653733543932 0.09220610558986664 47
1653733639883 0.06207718700170517 48
1653733734563 0.06349063664674759 49
1653733829102 0.09005201607942581 50
1653733928334 0.08209449052810669 51
1653734028583 0.10746677219867706 52
1653734123154 0.0785660520195961 53
1653734219164 0.06730334460735321 54
1653734313568 0.07310248911380768 55
1653734411478 0.08047100901603699 56
1653734506489 0.054740335792303085 57
1653734603239 0.08485577255487442 58
1653734696735 0.08988425880670547 59
1653734792839 0.0894491970539093 60
1653734887182 0.10001617670059204 61
1653734981285 0.03439980000257492 62
1653735075283 0.0932389348745346 63
1653735169294 0.08676701039075851 64
1653735263010 0.07357852160930634 65
1653735357830 0.03691205009818077 66
1653735451917 0.05143101513385773 67
1653735545809 0.04397737979888916 68
1653735642835 0.06667407602071762 69
1653735739555 0.1787690818309784 70
1653735835125 0.10586893558502197 71
1653735929926 0.08929891139268875 72
1653736024868 0.09469970315694809 73
1653736119825 0.04170817881822586 74
1653736216960 0.04211854189634323 75
1653736308973 0.06285552680492401 76
1653736401907 0.09698007255792618 77
1653736496769 0.09400428831577301 78
1653736592625 0.10238929837942123 79
1653736689295 0.08624640107154846 80
1653736786504 0.10591182857751846 81
1653736883313 0.029471592977643013 82
1653736979895 0.06209142133593559 83
1653737075875 0.10151512920856476 84
1653737172728 0.06556732952594757 85
1653737269424 0.09944741427898407 86
1653737364049 0.11560017615556717 87
1653737453434 0.0877460241317749 88
1653737534684 0.08453664183616638 89
1653737616787 0.04511921852827072 90
1653737698925 0.048924338072538376 91
1653737780085 0.05398353189229965 92
1653737861285 0.09526383876800537 93
1653737942502 0.06539379060268402 94
1653738023735 0.05877941846847534 95
1653738102574 0.06535427272319794 96
1653738182075 0.06852126121520996 97
1653738261036 0.052114758640527725 98
1653738340580 0.05892222747206688 99
1653738421704 0.06209247559309006 100
1653738502802 0.050238385796546936 101
1653738584138 0.1182352751493454 102
1653738665180 0.08086986839771271 103
1653738746289 0.12157350033521652 104
1653738828383 0.055716872215270996 105
1653738909613 0.0947350561618805 106
1653738989655 0.08924132585525513 107
1653739068493 0.09386125952005386 108
1653739147400 0.11951717734336853 109
1653739226186 0.07827521860599518 110
1653739304930 0.0947573110461235 111
1653739383662 0.09498976171016693 112
1653739462463 0.10298973321914673 113
1653739541376 0.06456692516803741 114
1653739620310 0.055125996470451355 115
1653739699066 0.07488272339105606 116
1653739777946 0.062227968126535416 117
1653739856725 0.08996309340000153 118
1653739935685 0.11374878883361816 119
1653740015195 0.06115350127220154 120
1653740094186 0.06501936912536621 121
1653740172939 0.05886111035943031 122
1653740251838 0.08797653019428253 123
1653740331982 0.057965829968452454 124
1653740412979 0.032831788063049316 125
1653740494090 0.09204195439815521 126
1653740576968 0.05113185942173004 127
1653740659060 0.09613525867462158 128
1653740740234 0.08487778902053833 129
1653740821672 0.0478111170232296 130
1653740902990 0.11012640595436096 131
1653740984598 0.069600909948349 132
1653741065745 0.10203677415847778 133
1653741146908 0.03647536784410477 134
1653741228588 0.06769539415836334 135
1653741309707 0.08323545753955841 136
1653741390723 0.1151440292596817 137
1653741471842 0.06707701832056046 138
1653741553083 0.08764150738716125 139
1653741632972 0.08418674767017365 140
1653741711786 0.07689357548952103 141
1653741791309 0.06201447546482086 142
1653741869997 0.10220234096050262 143
1653741948796 0.05707171931862831 144
1653742027612 0.11739830672740936 145
1653742106260 0.06836386024951935 146
1653742184980 0.0845680832862854 147
1653742263724 0.06145143508911133 148
1653742342450 0.07608675956726074 149
1653742421974 0.055283062160015106 150
1653742500808 0.13143807649612427 151
1653742579740 0.07536983489990234 152
1653742658812 0.09750010073184967 153
1653742737475 0.08397199213504791 154
1653742816107 0.11523284018039703 155
1653742894835 0.09638480842113495 156
1653742973677 0.050902631133794785 157
1653743052432 0.10373658686876297 158
1653743131215 0.037620656192302704 159
1653743209982 0.0661090537905693 160
1653743288640 0.08007305860519409 161
1653743367277 0.11056756973266602 162
1653743445951 0.09003862738609314 163
1653743524645 0.10958768427371979 164
1653743604512 0.057521093636751175 165
1653743683383 0.07757271081209183 166
1653743762159 0.05891977250576019 167
1653743841220 0.07411269843578339 168
1653743919974 0.09506694972515106 169
1653743998775 0.11237327754497528 170
1653744077598 0.09033899009227753 171
1653744156447 0.06351345777511597 172
1653744235186 0.1140294075012207 173
1653744314119 0.08144617080688477 174
1653744393099 0.04880094155669212 175
1653744471833 0.07817407697439194 176
1653744550670 0.10133329033851624 177
1653744629559 0.10576032102108002 178
1653744708312 0.04781877622008324 179
1653744787874 0.11329400539398193 180
1653744866722 0.08269003033638 181
1653744945367 0.08209894597530365 182
1653745024125 0.12129682302474976 183
1653745102942 0.05630858615040779 184
1653745181766 0.054870687425136566 185
1653745260534 0.12157436460256577 186
1653745339472 0.08267363905906677 187
1653745418387 0.14434278011322021 188
1653745497024 0.09359283000230789 189
1653745575980 0.0629686564207077 190
1653745654690 0.06808941811323166 191
1653745733433 0.14699873328208923 192
1653745811973 0.06598679721355438 193
1653745890590 0.08258125185966492 194
1653745970743 0.06917423754930496 195
1653746049433 0.06585259735584259 196
1653746128176 0.04632159322500229 197
1653746207037 0.09542754292488098 198
1653746285838 0.0852670967578888 199
1653746364746 0.0698227733373642 200
1653746443542 0.09155546128749847 201
1653746522757 0.06296226382255554 202
1653746601468 0.07207169383764267 203
1653746680229 0.0942973718047142 204
1653746759052 0.055334851145744324 205
1653746837814 0.10668757557868958 206
1653746916706 0.09869220852851868 207
1653746995404 0.054731860756874084 208
1653747074102 0.06927405297756195 209
1653747153861 0.10097010433673859 210
1653747232502 0.047794900834560394 211
1653747311343 0.07598531246185303 212
1653747390458 0.11631350219249725 213
1653747469096 0.09318386018276215 214
1653747547734 0.04276300594210625 215
1653747626525 0.11440451443195343 216
1653747705243 0.10708359628915787 217
1653747783949 0.07906075567007065 218
1653747862728 0.0823611468076706 219
1653747941411 0.11230255663394928 220
1653748020245 0.05535047501325607 221
1653748098942 0.05332181975245476 222
1653748178149 0.08359696716070175 223
1653748256893 0.10420715808868408 224
1653748336575 0.058698758482933044 225
1653748415315 0.09533429145812988 226
1653748494225 0.08639903366565704 227
1653748573000 0.0821848064661026 228
1653748651737 0.10800208151340485 229
1653748733314 0.08232849836349487 230
1653748814546 0.07715840637683868 231
1653748898132 0.11252711713314056 232
1653748981977 0.07623656094074249 233
1653749063468 0.07255677878856659 234
1653749145181 0.10176394879817963 235
1653749226567 0.09319069236516953 236
1653749308083 0.09233424067497253 237
1653749389367 0.09895141422748566 238
1653749471414 0.04251635819673538 239
1653749553755 0.11778982728719711 240
1653749636513 0.08558036386966705 241
1653749717577 0.09339271485805511 242
1653749799982 0.0816260576248169 243
1653749881337 0.18710103631019592 244
1653749962708 0.09258605539798737 245
1653750045113 0.05658620968461037 246
1653750126628 0.08450290560722351 247
1653750208101 0.06001041457056999 248
1653750289554 0.04919525980949402 249
1653750370995 0.11560925096273422 250
1653750450544 0.08934563398361206 251
1653750529440 0.08968377113342285 252
1653750608229 0.05890430882573128 253
1653750687002 0.11937040090560913 254
1653750767070 0.07042738795280457 255
1653750845935 0.16032752394676208 256
1653750924676 0.09295495599508286 257
1653751003512 0.12327593564987183 258
1653751082227 0.04599329084157944 259
1653751161125 0.05437584966421127 260
1653751239752 0.09685275703668594 261
1653751319027 0.07499055564403534 262
1653751397887 0.1186969131231308 263
1653751476584 0.05257105454802513 264
1653751555373 0.04247274994850159 265
1653751633980 0.09849922358989716 266
1653751712715 0.12463296949863434 267
1653751791380 0.13006828725337982 268
1653751870024 0.04986673593521118 269
1653751949667 0.06013337895274162 270
1653752028356 0.04810388386249542 271
1653752107026 0.04579060152173042 272
1653752185751 0.08944745361804962 273
1653752264533 0.1296834945678711 274
1653752343518 0.04436378926038742 275
1653752422191 0.09483987092971802 276
1653752500922 0.06415550410747528 277
1653752579653 0.06833875179290771 278
1653752658272 0.11629560589790344 279
1653752737007 0.11418204754590988 280
1653752815736 0.13275441527366638 281
1653752894677 0.08292242139577866 282
1653752973327 0.09571866691112518 283
1653753051943 0.060739800333976746 284
1653753132307 0.05425935238599777 285
1653753211108 0.14365580677986145 286
1653753289926 0.04383787885308266 287
1653753368769 0.06796587258577347 288
1653753447637 0.07434111833572388 289
1653753526561 0.034358102828264236 290
1653753605468 0.07202133536338806 291
1653753684170 0.04627881944179535 292
1653753762888 0.1093493103981018 293
1653753841715 0.07063865661621094 294
1653753920332 0.05068037286400795 295
1653753998955 0.08153577148914337 296
1653754077685 0.14393022656440735 297
1653754156386 0.07729452848434448 298
1653754235039 0.1537301242351532 299
