1653846362669 0.3984820246696472 0
1653846459897 0.36771824955940247 1
1653846555038 0.5020524263381958 2
1653846651021 0.4750087559223175 3
1653846731585 1.753575086593628 4
1653846811492 2.159237861633301 5
1653846891742 0.5187656879425049 6
1653846972101 0.3611197769641876 7
1653847052130 1.4082133769989014 8
1653847131937 0.6557903289794922 9
1653847211894 0.8998724222183228 10
1653847292056 0.34076353907585144 11
1653847372039 0.4123021960258484 12
1653847452165 1.485733985900879 13
1653847532370 1.5771468877792358 14
1653847613206 0.6374334692955017 15
1653847693231 0.17509585618972778 16
1653847773455 1.7562201023101807 17
1653847853474 1.4365317821502686 18
1653847933343 0.4549420475959778 19
1653848013467 1.291908621788025 20
1653848093451 0.2869994640350342 21
1653848173543 0.4440178871154785 22
1653848253586 0.4025188386440277 23
1653848333675 0.27697646617889404 24
1653848413706 0.17724940180778503 25
1653848493986 0.3205386996269226 26
1653848574129 0.4289681613445282 27
1653848654374 0.5195213556289673 28
1653848734914 0.0989011824131012 29
1653848815685 0.13870562613010406 30
1653848895720 0.43229711055755615 31
1653848975674 1.9257116317749023 32
1653849055834 0.5640143156051636 33
1653849136031 0.3541117012500763 34
1653849215993 0.29517820477485657 35
1653849295840 1.1178867816925049 36
1653849375920 0.19616137444972992 37
1653849455997 0.3968029022216797 38
1653849536030 0.2929965853691101 39
1653849616086 0.24037474393844604 40
1653849696157 0.3034277856349945 41
1653849776398 0.38278788328170776 42
1653849856232 0.08193843066692352 43
1653849936211 0.08221548795700073 44
1653850017241 0.48701852560043335 45
1653850097229 1.629616379737854 46
1653850177175 0.48883557319641113 47
1653850257103 0.10137178003787994 48
1653850337149 0.5018959045410156 49
1653850417115 0.4170681834220886 50
1653850497148 0.05811414495110512 51
1653850577705 0.17002594470977783 52
1653850657750 0.07938946038484573 53
1653850737956 0.043457258492708206 54
1653850818484 0.7409642934799194 55
1653850898757 0.9090854525566101 56
1653850978934 0.2679952383041382 57
1653851059105 0.05961449071764946 58
1653851139167 1.0040730237960815 59
1653851220097 0.2564125061035156 60
1653851301038 0.14440837502479553 61
1653851380928 0.7293717265129089 62
1653851461002 0.15080206096172333 63
1653851540772 0.9390766620635986 64
1653851620773 0.11344601213932037 65
1653851700948 0.19875505566596985 66
1653851781178 0.4217835068702698 67
1653851861220 1.1213135719299316 68
1653851941213 2.0227110385894775 69
1653852021390 0.6335732340812683 70
1653852101597 0.1402072310447693 71
1653852181663 0.5939176082611084 72
1653852261599 0.12329686433076859 73
1653852341526 0.4102049469947815 74
1653852422344 0.08054167777299881 75
1653852502196 0.06451034545898438 76
1653852582212 0.258053719997406 77
1653852663673 0.053080230951309204 78
1653852748918 0.027315134182572365 79
1653852834148 0.15740114450454712 80
1653852919578 0.11781540513038635 81
1653853005002 0.2809816002845764 82
1653853090272 0.366052508354187 83
1653853175369 0.033842071890830994 84
1653853260416 0.10290880501270294 85
1653853343493 0.14958471059799194 86
1653853426281 0.10876661539077759 87
1653853509000 0.03667653352022171 88
1653853591802 0.5580669641494751 89
1653853675205 0.11757132411003113 90
1653853758151 0.016235103830695152 91
1653853840859 0.34685763716697693 92
1653853923485 0.4568026065826416 93
1653854006444 0.034247227013111115 94
1653854089540 0.365045964717865 95
1653854172316 1.4936673641204834 96
1653854255475 0.5017216205596924 97
1653854339921 0.2844654321670532 98
1653854426981 0.3992050588130951 99
1653854515854 2.527279853820801 100
1653854602036 0.05481185391545296 101
1653854689179 0.0609787292778492 102
1653854776823 0.15126338601112366 103
1653854862345 0.06663133203983307 104
1653854948953 0.05997638404369354 105
1653855033049 0.3937559723854065 106
1653855115588 0.9558663368225098 107
1653855198215 0.0728069543838501 108
1653855280834 0.13744351267814636 109
1653855363495 0.21375912427902222 110
1653855446008 0.12264188379049301 111
1653855528535 2.543515205383301 112
1653855611007 0.10108444094657898 113
1653855691114 0.1232556477189064 114
1653855771113 0.1665366291999817 115
1653855851045 0.07058398425579071 116
1653855931448 0.4208981990814209 117
1653856014303 0.02466949075460434 118
1653856094375 0.09993880987167358 119
1653856175116 0.03892602026462555 120
1653856255293 0.18276771903038025 121
1653856335510 0.1448977142572403 122
1653856416042 0.10841309279203415 123
1653856496184 0.31113967299461365 124
1653856576307 0.023931089788675308 125
1653856656591 0.1051177904009819 126
1653856736756 0.2622376084327698 127
1653856816769 0.17012813687324524 128
1653856896836 0.5372618436813354 129
1653856976889 0.6409788727760315 130
1653857057025 0.023191608488559723 131
1653857137275 0.03673926740884781 132
1653857217462 0.10946361720561981 133
1653857297676 0.09556315839290619 134
1653857378409 0.9818134307861328 135
1653857458242 0.15364179015159607 136
1653857538180 0.0896741971373558 137
1653857618080 0.2211863398551941 138
1653857698029 0.08163254708051682 139
1653857778381 0.017636388540267944 140
1653857858504 0.122979536652565 141
1653857938914 0.08102739602327347 142
1653858018928 0.02140500396490097 143
1653858098939 0.057232052087783813 144
1653858178950 0.0612054169178009 145
1653858259142 0.7731783390045166 146
1653858339133 0.37207064032554626 147
1653858419075 0.08061506599187851 148
1653858499111 0.04677753895521164 149
1653858579932 0.20352742075920105 150
1653858659918 0.6807546615600586 151
1653858740097 0.013823692686855793 152
1653858820059 0.09512582421302795 153
1653858900216 0.41727516055107117 154
1653858980328 0.616694986820221 155
1653859060439 0.032122109085321426 156
1653859140436 0.7427889704704285 157
1653859220527 0.10620582848787308 158
1653859300440 0.03026558645069599 159
1653859380264 0.03249309957027435 160
1653859460270 0.8276599645614624 161
1653859540376 0.05026625841856003 162
1653859620334 0.39905044436454773 163
1653859700305 0.2298295497894287 164
1653859781224 0.060646653175354004 165
1653859861299 0.09019402414560318 166
1653859941376 0.3153505325317383 167
1653860021328 0.016785558313131332 168
1653860101508 0.01076734159141779 169
1653860181486 0.0389278270304203 170
1653860261219 0.006196851842105389 171
1653860341266 0.004684061277657747 172
1653860421164 0.05856192111968994 173
1653860501254 0.26208311319351196 174
1653860581344 0.006124903913587332 175
1653860661351 0.06212187558412552 176
1653860741373 0.011232106015086174 177
1653860821350 0.051894959062337875 178
1653860901462 0.04552558436989784 179
1653860982083 0.4741295874118805 180
1653861062070 1.875801682472229 181
1653861142259 0.6633225679397583 182
1653861222157 2.6381428241729736 183
1653861302078 0.008541516959667206 184
1653861382092 0.013691949658095837 185
1653861462200 0.05303417891263962 186
1653861542746 0.04865051805973053 187
1653861622930 0.019339026883244514 188
1653861703005 0.0229017436504364 189
1653861783056 0.04623926430940628 190
1653861863077 0.13109083473682404 191
1653861942937 0.014325873926281929 192
1653862022827 0.032107677310705185 193
1653862102732 0.05927356332540512 194
1653862183447 0.029094528406858444 195
1653862263391 0.01809600368142128 196
1653862343439 0.29058897495269775 197
1653862423462 0.41706570982933044 198
1653862503388 0.023126879706978798 199
1653862583330 0.042388882488012314 200
1653862663279 0.23108915984630585 201
1653862743101 0.1675441712141037 202
1653862822994 0.0061241802759468555 203
1653862903095 0.19483934342861176 204
1653862983166 0.2870844900608063 205
1653863063291 0.0342540517449379 206
1653863143295 0.12023372948169708 207
1653863223226 0.12261046469211578 208
1653863303405 0.15057633817195892 209
1653863384120 0.8097730875015259 210
1653863463958 0.0393623448908329 211
1653863543893 0.013906561769545078 212
1653863623672 0.010387079790234566 213
1653863704011 0.012178407981991768 214
1653863784135 0.4511089324951172 215
1653863864182 0.06648175418376923 216
1653863944223 0.033799152821302414 217
1653864024257 0.03747706115245819 218
1653864104394 0.118418850004673 219
1653864184418 0.04731007665395737 220
1653864264427 0.10020362585783005 221
1653864344246 0.07823055982589722 222
1653864424305 0.022997766733169556 223
1653864504696 0.01012085285037756 224
1653864585298 0.02558574080467224 225
1653864665349 0.016266994178295135 226
1653864745389 0.026344260200858116 227
1653864825495 0.574761688709259 228
1653864905491 0.08214373886585236 229
1653864985580 0.04880565404891968 230
1653865065738 0.021797869354486465 231
1653865146133 0.0408930666744709 232
1653865226187 0.013489997945725918 233
1653865306060 0.02320251800119877 234
1653865386120 0.1047319620847702 235
1653865466127 0.266214519739151 236
1653865546125 0.04918484017252922 237
1653865626216 0.1002274602651596 238
1653865706398 0.03609763830900192 239
1653865787143 0.030104298144578934 240
1653865866993 0.02764056622982025 241
1653865946883 0.010981150902807713 242
1653866026914 0.2751479148864746 243
1653866106851 0.036167506128549576 244
1653866187023 0.6559224128723145 245
1653866267046 0.02649744786322117 246
1653866347000 0.024847865104675293 247
1653866427027 0.08967207372188568 248
1653866507120 0.016448257490992546 249
1653866587069 0.020299701020121574 250
1653866666875 0.03945070877671242 251
1653866746752 0.255534291267395 252
1653866826856 0.02515510283410549 253
1653866906961 0.007770394440740347 254
1653866987675 0.06247188150882721 255
1653867067631 0.10034101456403732 256
1653867147559 0.0023614438250660896 257
1653867227635 0.013655344024300575 258
1653867307646 0.010013814084231853 259
1653867387578 0.8889572024345398 260
1653867467509 0.03353959321975708 261
1653867547595 0.4628296196460724 262
1653867627743 0.1151328757405281 263
1653867707692 2.4918317794799805 264
1653867787866 0.026825664564967155 265
1653867867850 0.03714270517230034 266
1653867947946 0.04311717301607132 267
1653868027824 0.020326733589172363 268
1653868107937 0.010304110124707222 269
1653868189640 0.018431048840284348 270
1653868270405 0.03944316878914833 271
1653868351072 0.040174450725317 272
1653868431581 0.004897981882095337 273
1653868512119 0.018274789676070213 274
1653868592613 0.051252782344818115 275
1653868673024 0.040374889969825745 276
1653868753592 0.05575765669345856 277
1653868833544 0.5030226111412048 278
1653868913593 0.01244532410055399 279
1653868993674 0.03538915142416954 280
1653869073547 0.12268912047147751 281
1653869153596 0.037498243153095245 282
1653869233539 0.04163128510117531 283
1653869313588 0.11816006153821945 284
1653869394519 0.021870829164981842 285
1653869474918 0.1272573173046112 286
1653869555271 0.0421166867017746 287
1653869635646 0.01019737496972084 288
1653869715929 0.7566869258880615 289
1653869796389 0.021140573546290398 290
1653869876770 0.060351356863975525 291
1653869957310 0.048465512692928314 292
1653870037582 0.018865270540118217 293
1653870117797 0.1953403502702713 294
1653870198115 0.016072187572717667 295
1653870278336 0.12455566972494125 296
1653870358420 0.07842621952295303 297
1653870438667 0.02880198508501053 298
1653870518907 0.002501047682017088 299
