1653846362677 1.8077127933502197 0
1653846459905 1.8033747673034668 1
1653846555047 1.545560598373413 2
1653846651028 1.4282417297363281 3
1653846731590 1.4205816984176636 4
1653846811498 1.4893653392791748 5
1653846891747 1.8322800397872925 6
1653846972106 1.9824490547180176 7
1653847052135 1.0876185894012451 8
1653847131942 1.5402443408966064 9
1653847211899 1.110020399093628 10
1653847292061 1.8685717582702637 11
1653847372044 1.8872427940368652 12
1653847452170 1.5892356634140015 13
1653847532375 2.0940914154052734 14
1653847613212 1.8371453285217285 15
1653847693239 3.9327540397644043 16
1653847773461 1.5979366302490234 17
1653847853479 1.786531925201416 18
1653847933352 1.5507655143737793 19
1653848013473 1.9686355590820312 20
1653848093456 2.9056496620178223 21
1653848173548 2.3175108432769775 22
1653848253591 2.9862542152404785 23
1653848333681 3.3871586322784424 24
1653848413711 2.9667630195617676 25
1653848493991 2.3219001293182373 26
1653848574134 2.330540657043457 27
1653848654380 1.7286187410354614 28
1653848734920 3.452378749847412 29
1653848815690 3.355342149734497 30
1653848895725 2.8176558017730713 31
1653848975680 1.3710119724273682 32
1653849055840 2.100302219390869 33
1653849136037 3.0421698093414307 34
1653849215999 2.8523170948028564 35
1653849295847 3.240741491317749 36
1653849375926 2.6293082237243652 37
1653849456002 3.2395901679992676 38
1653849536035 2.8197736740112305 39
1653849616092 3.890150785446167 40
1653849696162 3.455524206161499 41
1653849776404 2.978407621383667 42
1653849856237 3.4649720191955566 43
1653849936216 4.238753795623779 44
1653850017246 3.011946201324463 45
1653850097235 2.3225998878479004 46
1653850177181 2.164158821105957 47
1653850257109 3.8535966873168945 48
1653850337155 3.214444398880005 49
1653850417121 2.7753958702087402 50
1653850497156 4.086640357971191 51
1653850577711 3.497202157974243 52
1653850657755 3.7327518463134766 53
1653850737963 4.355093955993652 54
1653850818492 3.07432222366333 55
1653850898763 3.2214252948760986 56
1653850978941 3.2881669998168945 57
1653851059112 4.433685779571533 58
1653851139174 2.439274549484253 59
1653851220104 3.292386054992676 60
1653851301045 3.7098374366760254 61
1653851380934 4.808295249938965 62
1653851461008 4.820302486419678 63
1653851540778 2.017918586730957 64
1653851620780 3.6804778575897217 65
1653851700954 4.021509170532227 66
1653851781184 3.063950777053833 67
1653851861228 2.3955535888671875 68
1653851941219 1.6425343751907349 69
1653852021396 3.8391196727752686 70
1653852101603 4.385141372680664 71
1653852181670 9.262381553649902 72
1653852261605 5.404755592346191 73
1653852341532 4.737456321716309 74
1653852422351 4.435159206390381 75
1653852502203 4.698723793029785 76
1653852582218 3.872401475906372 77
1653852663679 4.119481086730957 78
1653852748923 5.289638519287109 79
1653852834154 5.321698188781738 80
1653852919585 4.022492408752441 81
1653853005009 3.905956506729126 82
1653853090278 4.753518104553223 83
1653853175376 4.272891998291016 84
1653853260422 3.408369779586792 85
1653853343498 3.9475338459014893 86
1653853426287 4.602790832519531 87
1653853509007 5.556704521179199 88
1653853591808 4.2757368087768555 89
1653853675211 4.66978645324707 90
1653853758158 5.112353324890137 91
1653853840864 3.509511709213257 92
1653853923492 6.162403106689453 93
1653854006450 5.593090057373047 94
1653854089546 2.9826903343200684 95
1653854172323 2.7054061889648438 96
1653854255481 4.366819858551025 97
1653854339927 4.643115997314453 98
1653854426988 4.327392578125 99
1653854515861 1.8720269203186035 100
1653854602044 4.626612663269043 101
1653854689187 5.653794288635254 102
1653854776831 4.572201728820801 103
1653854862354 3.930027961730957 104
1653854948961 5.416869163513184 105
1653855033056 3.492687463760376 106
1653855115594 1.8098938465118408 107
1653855198222 4.694149494171143 108
1653855280840 3.7139759063720703 109
1653855363500 4.067529201507568 110
1653855446015 4.007488250732422 111
1653855528542 4.665555477142334 112
1653855611013 5.151475429534912 113
1653855691120 4.071951866149902 114
1653855771120 9.098532676696777 115
1653855851052 4.993901252746582 116
1653855931455 4.913632869720459 117
1653856014309 4.840244293212891 118
1653856094380 6.330395221710205 119
1653856175123 5.1288862228393555 120
1653856255300 7.61071252822876 121
1653856335517 8.435550689697266 122
1653856416048 5.0447797775268555 123
1653856496190 3.391554832458496 124
1653856576313 5.310697555541992 125
1653856656597 5.237226486206055 126
1653856736762 5.517693042755127 127
1653856816775 4.973694801330566 128
1653856896842 4.344335556030273 129
1653856976895 3.830390453338623 130
1653857057033 5.024955749511719 131
1653857137281 5.44448184967041 132
1653857217468 3.76511287689209 133
1653857297682 4.862113952636719 134
1653857378414 2.9513068199157715 135
1653857458249 11.922575950622559 136
1653857538186 5.028355598449707 137
1653857618086 3.6545796394348145 138
1653857698035 4.426528453826904 139
1653857778388 5.1143479347229 140
1653857858509 4.050518035888672 141
1653857938919 4.108678817749023 142
1653858018935 8.593242645263672 143
1653858098946 4.812456130981445 144
1653858178957 5.570988655090332 145
1653858259147 5.093255519866943 146
1653858339139 3.6422078609466553 147
1653858419081 5.5828166007995605 148
1653858499116 6.155543327331543 149
1653858579938 5.703847885131836 150
1653858659924 5.901859760284424 151
1653858740102 5.690239429473877 152
1653858820065 6.156540393829346 153
1653858900222 6.189712047576904 154
1653858980334 6.427508354187012 155
1653859060446 5.3886613845825195 156
1653859140445 4.68166446685791 157
1653859220532 4.553810119628906 158
1653859300446 4.541719436645508 159
1653859380269 5.348855495452881 160
1653859460277 2.639730930328369 161
1653859540383 5.169548988342285 162
1653859620340 3.4114127159118652 163
1653859700310 4.7368669509887695 164
1653859781231 4.7876386642456055 165
1653859861305 5.0466413497924805 166
1653859941383 4.241513252258301 167
1653860021333 5.184748649597168 168
1653860101514 5.628993034362793 169
1653860181492 4.9011759757995605 170
1653860261226 6.070981979370117 171
1653860341273 7.735500335693359 172
1653860421170 11.159906387329102 173
1653860501260 6.8280744552612305 174
1653860581352 7.348478317260742 175
1653860661358 5.607132911682129 176
1653860741379 7.671050548553467 177
1653860821356 6.770633220672607 178
1653860901468 5.184835433959961 179
1653860982089 4.385243892669678 180
1653861062077 4.365505218505859 181
1653861142267 5.605418682098389 182
1653861222163 0.6749987602233887 183
1653861302086 7.660264015197754 184
1653861382098 5.691339492797852 185
1653861462207 6.718090057373047 186
1653861542752 4.940944194793701 187
1653861622936 5.660168647766113 188
1653861703012 5.679238796234131 189
1653861783065 6.2003045082092285 190
1653861863084 4.001391410827637 191
1653861942945 10.511791229248047 192
1653862022833 5.145000457763672 193
1653862102740 5.577432155609131 194
1653862183454 7.259393692016602 195
1653862263398 5.8977251052856445 196
1653862343446 5.404703140258789 197
1653862423470 7.067795753479004 198
1653862503395 5.338225364685059 199
1653862583338 4.680361747741699 200
1653862663287 4.50876522064209 201
1653862743108 3.8417093753814697 202
1653862823000 6.787537097930908 203
1653862903102 5.25774621963501 204
1653862983173 4.684467315673828 205
1653863063299 5.667091369628906 206
1653863143302 6.898995876312256 207
1653863223235 4.9693827629089355 208
1653863303412 4.8151397705078125 209
1653863384127 2.80169939994812 210
1653863463965 5.048511028289795 211
1653863543898 5.77759313583374 212
1653863623677 6.128145217895508 213
1653863704018 7.447558879852295 214
1653863784140 3.8066515922546387 215
1653863864188 7.871203899383545 216
1653863944230 5.715978622436523 217
1653864024264 5.598311901092529 218
1653864104401 6.169776439666748 219
1653864184424 10.268081665039062 220
1653864264434 6.465884208679199 221
1653864344252 4.217176914215088 222
1653864424311 5.233332633972168 223
1653864504702 5.7301812171936035 224
1653864585304 5.1925764083862305 225
1653864665355 4.9438066482543945 226
1653864745395 6.273168563842773 227
1653864825502 6.151001930236816 228
1653864905498 4.203747749328613 229
1653864985586 5.452876091003418 230
1653865065745 7.537383079528809 231
1653865146139 7.509308338165283 232
1653865226193 6.866552352905273 233
1653865306066 5.401429653167725 234
1653865386127 6.953913688659668 235
1653865466133 7.43964958190918 236
1653865546131 4.653371810913086 237
1653865626223 5.625798225402832 238
1653865706405 5.002068996429443 239
1653865787149 5.429312705993652 240
1653865867000 4.968882083892822 241
1653865946888 11.31423568725586 242
1653866026921 6.11816930770874 243
1653866106857 6.067957878112793 244
1653866187031 5.870417594909668 245
1653866267053 7.57486629486084 246
1653866347007 7.442000389099121 247
1653866427034 5.015336990356445 248
1653866507126 6.090771675109863 249
1653866587075 4.885709762573242 250
1653866666881 6.417866230010986 251
1653866746758 4.727105140686035 252
1653866826862 5.4893293380737305 253
1653866906967 6.832431316375732 254
1653866987680 6.154961585998535 255
1653867067637 5.325173377990723 256
1653867147565 15.766995429992676 257
1653867227641 6.01308012008667 258
1653867307652 6.097484588623047 259
1653867387584 12.621992111206055 260
1653867467515 5.855829238891602 261
1653867547601 3.4507761001586914 262
1653867627750 9.45831298828125 263
1653867707698 15.285639762878418 264
1653867787872 7.025262832641602 265
1653867867857 5.774419784545898 266
1653867947953 5.735935688018799 267
1653868027831 6.238085746765137 268
1653868107945 6.825104713439941 269
1653868189646 7.666175365447998 270
1653868270411 5.870312690734863 271
1653868351079 5.6064348220825195 272
1653868431587 7.100309371948242 273
1653868512127 6.390186309814453 274
1653868592619 6.86173152923584 275
1653868673032 7.354288578033447 276
1653868753598 5.353399276733398 277
1653868833550 3.9655532836914062 278
1653868913599 5.859226226806641 279
1653868993680 14.728553771972656 280
1653869073553 5.431680679321289 281
1653869153603 7.090050220489502 282
1653869233546 5.253371238708496 283
1653869313594 5.1397480964660645 284
1653869394525 5.266391277313232 285
1653869474925 4.494157791137695 286
1653869555278 5.149428367614746 287
1653869635652 6.149676322937012 288
1653869715935 2.205317497253418 289
1653869796396 6.077316761016846 290
1653869876778 5.144929885864258 291
1653869957316 4.650226593017578 292
1653870037588 6.073913097381592 293
1653870117803 4.5929670333862305 294
1653870198122 5.859531402587891 295
1653870278344 5.49207067489624 296
1653870358430 6.196242809295654 297
1653870438673 8.21154499053955 298
1653870518913 16.17585563659668 299
