1653846362663 9.516275405883789 0
1653846459894 9.144073486328125 1
1653846555035 11.403027534484863 2
1653846651017 11.712340354919434 3
1653846731583 6.038460731506348 4
1653846811489 8.049759864807129 5
1653846891739 8.26879596710205 6
1653846972098 8.952491760253906 7
1653847052127 7.809465408325195 8
1653847131933 6.5230512619018555 9
1653847211891 7.754337310791016 10
1653847292054 9.273568153381348 11
1653847372036 10.098257064819336 12
1653847452162 4.778418064117432 13
1653847532366 10.893189430236816 14
1653847613202 7.393141746520996 15
1653847693227 15.373023986816406 16
1653847773452 6.096175670623779 17
1653847853471 11.446367263793945 18
1653847933340 9.90870475769043 19
1653848013462 6.4343414306640625 20
1653848093447 11.003246307373047 21
1653848173540 10.942586898803711 22
1653848253583 11.711357116699219 23
1653848333672 9.707406044006348 24
1653848413703 15.773309707641602 25
1653848493983 12.680132865905762 26
1653848574126 6.052091598510742 27
1653848654371 6.372640609741211 28
1653848734911 13.279071807861328 29
1653848815681 14.017091751098633 30
1653848895717 10.46981430053711 31
1653848975671 5.151251792907715 32
1653849055831 11.04939079284668 33
1653849136028 11.003101348876953 34
1653849215991 13.25901985168457 35
1653849295836 11.201470375061035 36
1653849375917 14.941999435424805 37
1653849455994 9.337518692016602 38
1653849536026 8.392549514770508 39
1653849616083 12.45543098449707 40
1653849696154 14.212352752685547 41
1653849776395 11.714010238647461 42
1653849856229 12.121587753295898 43
1653849936208 13.542280197143555 44
1653850017237 6.938783168792725 45
1653850097225 6.4416375160217285 46
1653850177172 6.833531379699707 47
1653850257101 11.19368839263916 48
1653850337146 8.655688285827637 49
1653850417112 10.069602012634277 50
1653850497144 16.57256317138672 51
1653850577702 8.510992050170898 52
1653850657747 10.832000732421875 53
1653850737952 11.857137680053711 54
1653850818480 11.87580680847168 55
1653850898753 8.035492897033691 56
1653850978931 14.245166778564453 57
1653851059102 9.838311195373535 58
1653851139164 6.543703079223633 59
1653851220094 7.221081733703613 60
1653851301035 13.924081802368164 61
1653851380924 8.975912094116211 62
1653851460999 12.820014953613281 63
1653851540769 7.139604568481445 64
1653851620770 9.238369941711426 65
1653851700943 11.600152015686035 66
1653851781175 7.779209136962891 67
1653851861217 8.633139610290527 68
1653851941210 5.819961071014404 69
1653852021387 10.62830924987793 70
1653852101594 14.075446128845215 71
1653852181660 17.982059478759766 72
1653852261596 16.781253814697266 73
1653852341523 14.804215431213379 74
1653852422340 12.652278900146484 75
1653852502192 17.23954963684082 76
1653852582208 11.237709045410156 77
1653852663670 9.871694564819336 78
1653852748915 14.139768600463867 79
1653852834145 12.836991310119629 80
1653852919574 14.343679428100586 81
1653853004999 12.876180648803711 82
1653853090268 16.02956771850586 83
1653853175366 14.589306831359863 84
1653853260413 11.130538940429688 85
1653853343490 13.631961822509766 86
1653853426277 13.494343757629395 87
1653853508995 11.24721908569336 88
1653853591798 10.723250389099121 89
1653853675202 10.456399917602539 90
1653853758148 24.506946563720703 91
1653853840856 11.28643798828125 92
1653853923481 14.548006057739258 93
1653854006441 22.403106689453125 94
1653854089536 9.738588333129883 95
1653854172312 11.34584903717041 96
1653854255471 10.899405479431152 97
1653854339917 9.903230667114258 98
1653854426977 10.036212921142578 99
1653854515850 8.502067565917969 100
1653854602031 10.23531436920166 101
1653854689175 14.040298461914062 102
1653854776818 13.562122344970703 103
1653854862341 16.336181640625 104
1653854948949 13.649574279785156 105
1653855033046 9.778905868530273 106
1653855115584 8.785447120666504 107
1653855198211 15.318254470825195 108
1653855280830 14.506219863891602 109
1653855363490 13.965917587280273 110
1653855446003 13.147794723510742 111
1653855528532 14.927597045898438 112
1653855611004 16.247716903686523 113
1653855691110 10.731687545776367 114
1653855771109 17.244077682495117 115
1653855851042 13.051796913146973 116
1653855931445 18.396743774414062 117
1653856014300 13.321823120117188 118
1653856094372 16.515907287597656 119
1653856175113 10.860309600830078 120
1653856255289 13.411430358886719 121
1653856335507 15.77889633178711 122
1653856416039 11.495309829711914 123
1653856496181 14.667069435119629 124
1653856576303 17.112472534179688 125
1653856656587 12.870473861694336 126
1653856736751 13.290800094604492 127
1653856816766 8.56420612335205 128
1653856896832 9.204309463500977 129
1653856976885 14.67011833190918 130
1653857057021 16.819580078125 131
1653857137272 10.978899955749512 132
1653857217458 9.978943824768066 133
1653857297673 14.621264457702637 134
1653857378406 6.9499945640563965 135
1653857458238 21.734949111938477 136
1653857538177 8.910980224609375 137
1653857618076 8.9943208694458 138
1653857698026 14.178274154663086 139
1653857778377 16.379608154296875 140
1653857858501 16.076740264892578 141
1653857938910 14.973963737487793 142
1653858018925 19.385499954223633 143
1653858098936 15.450395584106445 144
1653858178947 9.626657485961914 145
1653858259140 9.318466186523438 146
1653858339129 10.92746639251709 147
1653858419072 14.427717208862305 148
1653858499107 16.184288024902344 149
1653858579929 15.206608772277832 150
1653858659915 10.538110733032227 151
1653858740093 16.754770278930664 152
1653858820056 17.15205955505371 153
1653858900213 15.01771354675293 154
1653858980325 17.36201286315918 155
1653859060436 13.054555892944336 156
1653859140433 10.398965835571289 157
1653859220523 14.696720123291016 158
1653859300437 15.456110954284668 159
1653859380260 17.40346908569336 160
1653859460267 8.130735397338867 161
1653859540372 9.607559204101562 162
1653859620330 13.266250610351562 163
1653859700300 14.693387985229492 164
1653859781220 8.397916793823242 165
1653859861296 12.970193862915039 166
1653859941372 8.59039306640625 167
1653860021324 14.09365177154541 168
1653860101504 15.126211166381836 169
1653860181483 11.369562149047852 170
1653860261216 15.805508613586426 171
1653860341263 15.263814926147461 172
1653860421161 15.068339347839355 173
1653860501251 11.496438980102539 174
1653860581340 13.512884140014648 175
1653860661347 11.57327938079834 176
1653860741370 15.996959686279297 177
1653860821347 12.582620620727539 178
1653860901459 13.172016143798828 179
1653860982080 10.6455078125 180
1653861062067 13.14060115814209 181
1653861142256 9.388720512390137 182
1653861222154 3.8738627433776855 183
1653861302074 13.790019989013672 184
1653861382088 12.357048034667969 185
1653861462196 14.722861289978027 186
1653861542743 16.275657653808594 187
1653861622926 16.24517059326172 188
1653861703002 12.270244598388672 189
1653861783053 13.20805549621582 190
1653861863074 7.75581693649292 191
1653861942934 21.58390235900879 192
1653862022823 14.846527099609375 193
1653862102725 9.843965530395508 194
1653862183443 18.01093864440918 195
1653862263387 13.560173034667969 196
1653862343436 18.876468658447266 197
1653862423458 14.011150360107422 198
1653862503385 16.570831298828125 199
1653862583326 11.768492698669434 200
1653862663275 10.436300277709961 201
1653862743098 13.318366050720215 202
1653862822990 18.4186954498291 203
1653862903092 14.062082290649414 204
1653862983161 13.709649085998535 205
1653863063287 14.755297660827637 206
1653863143291 11.861679077148438 207
1653863223222 10.304357528686523 208
1653863303401 13.116920471191406 209
1653863384117 9.45747184753418 210
1653863463954 12.803192138671875 211
1653863543890 17.727523803710938 212
1653863623669 17.502193450927734 213
1653863704007 14.714034080505371 214
1653863784130 7.25405216217041 215
1653863864179 18.09379768371582 216
1653863944219 10.10959243774414 217
1653864024254 11.650702476501465 218
1653864104390 15.05766487121582 219
1653864184414 16.263591766357422 220
1653864264424 17.938232421875 221
1653864344242 14.078678131103516 222
1653864424302 11.054025650024414 223
1653864504693 20.406164169311523 224
1653864585295 16.534751892089844 225
1653864665344 11.25487995147705 226
1653864745386 17.641815185546875 227
1653864825491 11.43681526184082 228
1653864905487 13.412748336791992 229
1653864985576 13.101247787475586 230
1653865065735 10.950216293334961 231
1653865146129 20.15952491760254 232
1653865226184 21.948165893554688 233
1653865306056 12.230119705200195 234
1653865386117 15.040781021118164 235
1653865466123 15.082578659057617 236
1653865546121 10.506464004516602 237
1653865626213 10.431528091430664 238
1653865706394 12.003692626953125 239
1653865787140 12.81991195678711 240
1653865866990 16.714000701904297 241
1653865946879 23.214372634887695 242
1653866026911 14.005523681640625 243
1653866106847 17.324813842773438 244
1653866187019 13.129358291625977 245
1653866267043 16.976272583007812 246
1653866346997 18.169435501098633 247
1653866427023 12.033463478088379 248
1653866507116 15.107495307922363 249
1653866587066 13.802286148071289 250
1653866666872 11.692858695983887 251
1653866746749 10.295225143432617 252
1653866826853 13.921598434448242 253
1653866906957 13.289714813232422 254
1653866987671 12.370040893554688 255
1653867067627 10.389944076538086 256
1653867147556 28.55150604248047 257
1653867227631 15.046117782592773 258
1653867307643 15.811660766601562 259
1653867387575 20.093494415283203 260
1653867467505 10.755575180053711 261
1653867547592 9.74853229522705 262
1653867627739 15.226608276367188 263
1653867707689 23.999343872070312 264
1653867787862 16.344940185546875 265
1653867867846 14.84090805053711 266
1653867947942 9.779747009277344 267
1653868027821 15.573081016540527 268
1653868107934 14.858733177185059 269
1653868189637 16.001890182495117 270
1653868270402 19.046001434326172 271
1653868351069 8.9537353515625 272
1653868431578 13.819519996643066 273
1653868512116 14.479267120361328 274
1653868592610 11.987955093383789 275
1653868673019 17.36156463623047 276
1653868753588 16.628320693969727 277
1653868833540 7.224688529968262 278
1653868913590 13.627799034118652 279
1653868993671 23.476585388183594 280
1653869073543 11.067190170288086 281
1653869153593 11.390677452087402 282
1653869233536 18.758583068847656 283
1653869313584 12.798673629760742 284
1653869394515 13.264265060424805 285
1653869474915 9.999788284301758 286
1653869555268 14.580163955688477 287
1653869635643 18.516551971435547 288
1653869715925 11.70072078704834 289
1653869796385 11.831365585327148 290
1653869876766 15.880997657775879 291
1653869957307 9.831575393676758 292
1653870037579 15.453804016113281 293
1653870117793 9.264423370361328 294
1653870198111 22.51612663269043 295
1653870278332 10.49720573425293 296
1653870358415 18.429248809814453 297
1653870438664 15.226709365844727 298
1653870518903 26.5257511138916 299
