1653846362673 0.07708562910556793 0
1653846459901 0.07340699434280396 1
1653846555042 0.0985746681690216 2
1653846651025 0.10284098237752914 3
1653846731588 0.04617878794670105 4
1653846811495 0.06560394167900085 5
1653846891744 0.06436516344547272 6
1653846972104 0.06970042735338211 7
1653847052133 0.06721846759319305 8
1653847131940 0.04982806742191315 9
1653847211897 0.06644316762685776 10
1653847292059 0.07404996454715729 11
1653847372042 0.08211015164852142 12
1653847452167 0.031891822814941406 13
1653847532373 0.08799098432064056 14
1653847613209 0.05555996298789978 15
1653847693235 0.11440269649028778 16
1653847773457 0.044982392340898514 17
1653847853477 0.09659835696220398 18
1653847933346 0.08357938379049301 19
1653848013470 0.044657059013843536 20
1653848093454 0.0809759646654129 21
1653848173545 0.08625075966119766 22
1653848253588 0.08725102990865707 23
1653848333678 0.06320247054100037 24
1653848413709 0.12806546688079834 25
1653848493989 0.10358232259750366 26
1653848574131 0.03721550852060318 27
1653848654377 0.04644022136926651 28
1653848734917 0.09826692938804626 29
1653848815687 0.1066175028681755 30
1653848895722 0.07652158290147781 31
1653848975677 0.03780239820480347 32
1653849055837 0.08949088305234909 33
1653849136034 0.07960931956768036 34
1653849215996 0.10406702756881714 35
1653849295843 0.079607293009758 36
1653849375923 0.12312690913677216 37
1653849456000 0.060979291796684265 38
1653849536032 0.0557277649641037 39
1653849616089 0.08565279841423035 40
1653849696160 0.10756828635931015 41
1653849776402 0.08735602349042892 42
1653849856234 0.08656616508960724 43
1653849936214 0.0930352658033371 44
1653850017244 0.0392683707177639 45
1653850097231 0.04119037836790085 46
1653850177178 0.04669372737407684 47
1653850257106 0.07340091466903687 48
1653850337152 0.054412443190813065 49
1653850417118 0.07294206321239471 50
1653850497152 0.12485923618078232 51
1653850577708 0.050137899816036224 52
1653850657753 0.07099248468875885 53
1653850737960 0.0750204399228096 54
1653850818488 0.08801484853029251 55
1653850898760 0.04814067482948303 56
1653850978938 0.10956999659538269 57
1653851059109 0.054046254605054855 58
1653851139171 0.04104428365826607 59
1653851220101 0.03928695619106293 60
1653851301041 0.10214245319366455 61
1653851380931 0.04167616367340088 62
1653851461005 0.07999712228775024 63
1653851540775 0.05121685937047005 64
1653851620776 0.05557892099022865 65
1653851700951 0.07578642666339874 66
1653851781181 0.04715258255600929 67
1653851861224 0.062375858426094055 68
1653851941216 0.04177426919341087 69
1653852021393 0.06789189577102661 70
1653852101600 0.09690304845571518 71
1653852181667 0.08719677478075027 72
1653852261602 0.11376497894525528 73
1653852341529 0.10066759586334229 74
1653852422348 0.08217120170593262 75
1653852502200 0.12540826201438904 76
1653852582214 0.07365307956933975 77
1653852663676 0.057522132992744446 78
1653852748921 0.08850130438804626 79
1653852834151 0.0751529335975647 80
1653852919581 0.10321187227964401 81
1653853005006 0.08970224857330322 82
1653853090275 0.11276048421859741 83
1653853175372 0.10316415131092072 84
1653853260419 0.07722169160842896 85
1653853343496 0.09684428572654724 86
1653853426284 0.08891552686691284 87
1653853509004 0.056905150413513184 88
1653853591805 0.06447513401508331 89
1653853675208 0.057866137474775314 90
1653853758155 0.19394592940807343 91
1653853840862 0.07776926457881927 92
1653853923488 0.08385603129863739 93
1653854006447 0.16810016334056854 94
1653854089543 0.06755897402763367 95
1653854172319 0.08640442788600922 96
1653854255478 0.06532585620880127 97
1653854339925 0.052601151168346405 98
1653854426984 0.057088203728199005 99
1653854515858 0.0663004070520401 100
1653854602040 0.05608701705932617 101
1653854689183 0.08386503905057907 102
1653854776828 0.0898992046713829 103
1653854862350 0.12406152486801147 104
1653854948957 0.08232705295085907 105
1653855033053 0.06286218762397766 106
1653855115591 0.06975553184747696 107
1653855198218 0.10624105483293533 108
1653855280837 0.10792244225740433 109
1653855363498 0.09898388385772705 110
1653855446012 0.091403067111969 111
1653855528538 0.10262042284011841 112
1653855611010 0.11096242070198059 113
1653855691117 0.0665973573923111 114
1653855771116 0.08145545423030853 115
1653855851048 0.08057895302772522 116
1653855931452 0.13483110070228577 117
1653856014306 0.08481578528881073 118
1653856094378 0.10185511410236359 119
1653856175120 0.05731423199176788 120
1653856255295 0.05800718069076538 121
1653856335513 0.07343345880508423 122
1653856416045 0.06450529396533966 123
1653856496187 0.11275514960289001 124
1653856576310 0.11801774799823761 125
1653856656594 0.07633247971534729 126
1653856736759 0.07773106545209885 127
1653856816773 0.03590511530637741 128
1653856896839 0.0485997349023819 129
1653856976892 0.10839727520942688 130
1653857057029 0.11794622987508774 131
1653857137278 0.05534417927265167 132
1653857217465 0.06213831156492233 133
1653857297679 0.09759150445461273 134
1653857378413 0.039986878633499146 135
1653857458246 0.09812372922897339 136
1653857538183 0.038826242089271545 137
1653857618083 0.05339741334319115 138
1653857698032 0.0975174531340599 139
1653857778385 0.11265259981155396 140
1653857858507 0.12026223540306091 141
1653857938916 0.10865285247564316 142
1653858018931 0.10792256891727448 143
1653858098943 0.10637939721345901 144
1653858178954 0.04055669158697128 145
1653858259145 0.042252104729413986 146
1653858339136 0.07285258173942566 147
1653858419078 0.08844900131225586 148
1653858499114 0.10028745234012604 149
1653858579935 0.0950276106595993 150
1653858659921 0.046362508088350296 151
1653858740099 0.11064530909061432 152
1653858820062 0.10995518416166306 153
1653858900219 0.08828002214431763 154
1653858980331 0.10934504866600037 155
1653859060442 0.0766589492559433 156
1653859140440 0.05717300996184349 157
1653859220530 0.10142910480499268 158
1653859300443 0.10914391279220581 159
1653859380266 0.1205461397767067 160
1653859460274 0.054910045117139816 161
1653859540379 0.044380106031894684 162
1653859620337 0.09854837507009506 163
1653859700307 0.09956520795822144 164
1653859781228 0.0361027829349041 165
1653859861302 0.07923552393913269 166
1653859941380 0.043488793075084686 167
1653860021331 0.089089035987854 168
1653860101511 0.09497217833995819 169
1653860181489 0.06468385457992554 170
1653860261222 0.0973452627658844 171
1653860341270 0.07528313994407654 172
1653860421167 0.03908433020114899 173
1653860501257 0.04668363928794861 174
1653860581348 0.0616440586745739 175
1653860661354 0.059661466628313065 176
1653860741376 0.08325909078121185 177
1653860821353 0.058119870722293854 178
1653860901465 0.07987180352210999 179
1653860982086 0.06260263919830322 180
1653861062074 0.08775095641613007 181
1653861142262 0.037833016365766525 182
1653861222160 0.03198863938450813 183
1653861302082 0.06129756197333336 184
1653861382095 0.06665708124637604 185
1653861462203 0.08004771173000336 186
1653861542749 0.1133471429347992 187
1653861622933 0.10585001856088638 188
1653861703009 0.06591006368398666 189
1653861783060 0.07007750868797302 190
1653861863081 0.03754425421357155 191
1653861942941 0.11072111129760742 192
1653862022829 0.09701526165008545 193
1653862102736 0.042665332555770874 194
1653862183450 0.10751544684171677 195
1653862263395 0.07662447541952133 196
1653862343443 0.1347176432609558 197
1653862423466 0.0694335401058197 198
1653862503392 0.11232604831457138 199
1653862583334 0.07088130712509155 200
1653862663283 0.05927535519003868 201
1653862743105 0.09476657211780548 202
1653862822997 0.11631157994270325 203
1653862903098 0.08804336190223694 204
1653862983169 0.09025181829929352 205
1653863063295 0.0908820629119873 206
1653863143299 0.049626827239990234 207
1653863223230 0.05334974080324173 208
1653863303408 0.08301780372858047 209
1653863384123 0.06655772030353546 210
1653863463962 0.07754680514335632 211
1653863543895 0.11949930340051651 212
1653863623675 0.11374048888683319 213
1653863704014 0.07266475260257721 214
1653863784137 0.03447400778532028 215
1653863864185 0.10222594439983368 216
1653863944226 0.04393614083528519 217
1653864024260 0.060523904860019684 218
1653864104397 0.08887888491153717 219
1653864184421 0.05995509773492813 220
1653864264431 0.11472347378730774 221
1653864344250 0.09861501306295395 222
1653864424309 0.05820693448185921 223
1653864504699 0.14675982296466827 224
1653864585301 0.11342176049947739 225
1653864665352 0.06311073154211044 226
1653864745392 0.1136864572763443 227
1653864825499 0.052858129143714905 228
1653864905494 0.09209000319242477 229
1653864985583 0.07648371160030365 230
1653865065742 0.034128338098526 231
1653865146135 0.1265021711587906 232
1653865226190 0.15081612765789032 233
1653865306063 0.06828689575195312 234
1653865386123 0.0808686763048172 235
1653865466130 0.07642929255962372 236
1653865546128 0.05853092670440674 237
1653865626220 0.048057302832603455 238
1653865706402 0.07001623511314392 239
1653865787146 0.07390598952770233 240
1653865866996 0.11745118349790573 241
1653865946886 0.1190013736486435 242
1653866026917 0.07887354493141174 243
1653866106854 0.11256857216358185 244
1653866187027 0.07258941233158112 245
1653866267050 0.09401407092809677 246
1653866347004 0.10727435350418091 247
1653866427031 0.07018126547336578 248
1653866507123 0.09016723185777664 249
1653866587072 0.08916576206684113 250
1653866666878 0.05274992436170578 251
1653866746755 0.05568120256066322 252
1653866826860 0.08432269096374512 253
1653866906964 0.06457284092903137 254
1653866987678 0.06215079501271248 255
1653867067634 0.050647709518671036 256
1653867147562 0.12784510850906372 257
1653867227638 0.09033037722110748 258
1653867307649 0.09714175760746002 259
1653867387582 0.0747150257229805 260
1653867467512 0.04899745434522629 261
1653867547598 0.06297755986452103 262
1653867627746 0.057682957500219345 263
1653867707695 0.08713704347610474 264
1653867787869 0.09319677948951721 265
1653867867854 0.09066487848758698 266
1653867947949 0.04043811932206154 267
1653868027827 0.09334994852542877 268
1653868107941 0.08033628761768341 269
1653868189643 0.08335715532302856 270
1653868270408 0.13175688683986664 271
1653868351075 0.03347300365567207 272
1653868431584 0.06719210743904114 273
1653868512124 0.08089081197977066 274
1653868592616 0.05126223713159561 275
1653868673028 0.10007275640964508 276
1653868753595 0.11274921149015427 277
1653868833548 0.03259135037660599 278
1653868913596 0.07768572866916656 279
1653868993677 0.08748030662536621 280
1653869073550 0.05635508894920349 281
1653869153600 0.04300627112388611 282
1653869233542 0.13505211472511292 283
1653869313591 0.07658925652503967 284
1653869394522 0.07997873425483704 285
1653869474922 0.05505630001425743 286
1653869555275 0.09430735558271408 287
1653869635649 0.12366875261068344 288
1653869715932 0.09495402872562408 289
1653869796392 0.05754048749804497 290
1653869876774 0.10736067593097687 291
1653869957313 0.05181349441409111 292
1653870037585 0.09379890561103821 293
1653870117800 0.04671456664800644 294
1653870198119 0.16656595468521118 295
1653870278340 0.05005135387182236 296
1653870358425 0.12233006209135056 297
1653870438670 0.07015164196491241 298
1653870518910 0.10349895060062408 299
