1653870599556 0.1259269118309021 0
1653870677720 0.31433314085006714 1
1653870755071 0.03239555284380913 2
1653870832255 0.21106037497520447 3
1653870909734 0.08077375590801239 4
1653870987149 0.023059410974383354 5
1653871064333 0.13129891455173492 6
1653871141622 0.054183922708034515 7
1653871218557 0.30987492203712463 8
1653871295685 0.048845596611499786 9
1653871372836 0.2421162724494934 10
1653871449925 0.14973564445972443 11
1653871526993 0.12164002656936646 12
1653871604016 0.06273553520441055 13
1653871680998 0.03725651651620865 14
1653871758738 0.017145419493317604 15
1653871835712 0.019809745252132416 16
1653871912753 0.04750050976872444 17
1653871989705 0.051930807530879974 18
1653872066598 0.017901647835969925 19
1653872143702 0.03509170189499855 20
1653872220748 0.08530286699533463 21
1653872297774 0.041704121977090836 22
1653872374746 0.14829540252685547 23
1653872451908 0.31495368480682373 24
1653872528808 0.017479900270700455 25
1653872605681 1.3201807737350464 26
1653872682501 0.543845534324646 27
1653872759341 0.006986048072576523 28
1653872836447 0.013723758980631828 29
1653872914309 0.1593853086233139 30
1653872991268 0.010543296113610268 31
1653873068264 0.11523368954658508 32
1653873145205 0.013746300712227821 33
1653873222052 1.689943790435791 34
1653873298913 0.07139723747968674 35
1653873375939 0.9887365698814392 36
1653873453468 0.05552167072892189 37
1653873530423 0.0635446161031723 38
1653873607277 0.0024032406508922577 39
1653873684204 0.03490333631634712 40
1653873761237 0.5972358584403992 41
1653873838181 0.00555175868794322 42
1653873915203 0.05734232813119888 43
1653873992217 0.0021769539453089237 44
1653874070015 0.0018210101407021284 45
1653874146996 0.0060617090202867985 46
1653874224176 0.014951102435588837 47
1653874301140 0.06508590281009674 48
1653874378188 0.0029851491563022137 49
1653874455257 0.011330042965710163 50
1653874532262 0.008821539580821991 51
1653874609312 0.010177112184464931 52
1653874686320 0.04309171438217163 53
1653874763413 0.0041744289919734 54
1653874840314 0.0340614952147007 55
1653874917259 0.022294005379080772 56
1653874996196 0.0037758643738925457 57
1653875073372 0.0808480829000473 58
1653875150335 0.0007988072466105223 59
1653875228391 2.675201540114358e-05 60
1653875305735 7.243160507641733e-05 61
1653875383037 0.0014376952312886715 62
1653875460307 0.0016203768318518996 63
1653875537633 0.0013646495062857866 64
1653875615011 0.009478950873017311 65
1653875692277 0.002947199624031782 66
1653875769527 0.0017209069337695837 67
1653875846946 0.005905958358198404 68
1653875924401 0.0003293855697847903 69
1653876001767 0.0016760444268584251 70
1653876079019 0.00047548161819577217 71
1653876156277 0.012146716937422752 72
1653876233735 0.0014418399659916759 73
1653876311256 0.002918659243732691 74
1653876389326 0.00019552806043066084 75
1653876466506 0.0008074705838225782 76
1653876543763 0.05878608301281929 77
1653876620839 0.0004421818011905998 78
1653876698169 0.0064040543511509895 79
1653876775371 0.008410992100834846 80
1653876852432 0.00022402450849767774 81
1653876929571 5.6549593864474446e-05 82
1653877006836 0.07749809324741364 83
1653877084088 0.010173777118325233 84
1653877161213 0.0008584420429542661 85
1653877238366 0.006831051781773567 86
1653877315714 0.0015775405336171389 87
1653877392983 0.0011649483349174261 88
1653877470165 0.0005759653868153691 89
1653877548287 0.004602693486958742 90
1653877625637 0.0012390374904498458 91
1653877703002 0.003121529705822468 92
1653877780370 0.006016170606017113 93
1653877857646 0.034794881939888 94
1653877934947 0.07582160830497742 95
1653878012373 0.0011801457731053233 96
1653878090110 0.0012164604850113392 97
1653878167242 0.001238371478393674 98
1653878244238 0.0025785351172089577 99
1653878321409 0.0019441042095422745 100
1653878398366 0.00543035427108407 101
1653878475447 0.007845239713788033 102
1653878552374 0.0009924793848767877 103
1653878629409 0.0005401787348091602 104
1653878707460 0.004016312304884195 105
1653878784993 0.012620353139936924 106
1653878862303 0.0005860743694938719 107
1653878939633 0.0012373358476907015 108
1653879017110 0.001742335851304233 109
1653879094500 0.008975468575954437 110
1653879171703 0.12070469558238983 111
1653879248950 0.005567452404648066 112
1653879326390 0.0012583979405462742 113
1653879403709 0.0018096865387633443 114
1653879480951 0.007369328290224075 115
1653879558463 0.000680625147651881 116
1653879635809 0.020312203094363213 117
1653879713073 0.0011570772621780634 118
1653879790565 0.0004000442859251052 119
1653879868911 0.0050689284689724445 120
1653879946353 0.07904515415430069 121
1653880024038 0.0012862097937613726 122
1653880102409 0.00526005495339632 123
1653880179383 0.0035126088187098503 124
1653880256431 0.00012123375199735165 125
1653880333635 0.011438529938459396 126
1653880410697 0.00793941505253315 127
1653880487557 0.005200061947107315 128
1653880564514 0.00023822065850254148 129
1653880641672 0.0008178877178579569 130
1653880718868 0.00015644014638382941 131
1653880795930 0.011388484388589859 132
1653880872850 0.003043130971491337 133
1653880949954 0.0005209942464716733 134
1653881028134 0.10483105480670929 135
1653881105524 0.0011225494090467691 136
1653881182971 0.0023317942395806313 137
1653881260436 0.14800967276096344 138
1653881337785 0.00019458180759102106 139
1653881415170 0.00010951382137136534 140
1653881492564 0.0018145393114537 141
1653881570059 0.00017222011229023337 142
1653881647402 0.0003671475569717586 143
1653881724839 1.6045672964537516e-05 144
1653881802260 8.950340270530432e-05 145
1653881879656 0.0036303121596574783 146
1653881956676 0.0007044175872579217 147
1653882033757 0.00030319608049467206 148
1653882110708 0.004256417974829674 149
1653882188753 0.0350518524646759 150
1653882265992 0.0008641257882118225 151
1653882343408 0.0021460959687829018 152
1653882420731 0.007634560577571392 153
1653882498259 0.004421930760145187 154
1653882575483 4.557020292850211e-05 155
1653882652844 0.02565552294254303 156
1653882730706 0.001019101939164102 157
1653882807686 0.02071418985724449 158
1653882884720 0.0009581926860846579 159
1653882961678 0.001245141145773232 160
1653883038857 6.964940985199064e-05 161
1653883115891 0.000282110006082803 162
1653883192931 0.0004669509653467685 163
1653883270208 0.3628522753715515 164
1653883348572 0.0021027333568781614 165
1653883425895 0.0009401338174939156 166
1653883503468 0.1592235267162323 167
1653883580937 8.922183042159304e-05 168
1653883658316 0.0037628295831382275 169
1653883735692 0.0037728433962911367 170
1653883812890 0.0031163273379206657 171
1653883890296 0.0003556848969310522 172
1653883967692 0.003344255266711116 173
1653884045052 9.587641397956759e-05 174
1653884122283 0.055715736001729965 175
1653884199588 6.385164306266233e-05 176
1653884277051 0.001068036537617445 177
1653884354346 2.3392651200992987e-05 178
1653884431579 0.0001451630232622847 179
1653884509788 3.1709573704574723e-06 180
1653884586901 2.0068016965524293e-05 181
1653884664248 2.3578204491059296e-05 182
1653884741631 2.4868738819350256e-06 183
1653884819140 3.965112398418569e-07 184
1653884896397 1.0307487627869705e-06 185
1653884973622 6.371909694280475e-05 186
1653885050897 0.004696621093899012 187
1653885128306 0.00010386780195403844 188
1653885205700 0.000427873368607834 189
1653885283215 0.001113885547965765 190
1653885360563 0.0006428351043723524 191
1653885437984 3.925020428141579e-05 192
1653885515342 0.0006989986868575215 193
1653885592321 0.009331251494586468 194
1653885670441 0.00022068328689783812 195
1653885747688 0.0002305444941157475 196
1653885824991 0.00010998079960700125 197
1653885902170 0.005616321694105864 198
1653885979498 0.013890963979065418 199
1653886056774 0.00021996113355271518 200
1653886134205 0.004403138533234596 201
1653886211583 0.0011189300566911697 202
1653886288930 0.024213608354330063 203
1653886366229 0.004866169299930334 204
1653886443626 0.003658792469650507 205
1653886520732 0.572071373462677 206
1653886598214 0.002175671048462391 207
1653886675452 0.00042333538294769824 208
1653886752732 0.0006732153706252575 209
1653886830934 0.0023530793841928244 210
1653886908249 0.0005819638026878238 211
1653886985555 0.00013311344082467258 212
1653887062723 0.00037533987779170275 213
1653887140206 0.0009105255594477057 214
1653887217441 0.010122580453753471 215
1653887294772 0.007506652735173702 216
1653887372462 0.00012081274326192215 217
1653887449542 3.114149876637384e-05 218
1653887526666 0.004592519719153643 219
1653887603622 0.000219419423956424 220
1653887680629 0.03827898949384689 221
1653887757573 0.0005060663097538054 222
1653887834752 0.0004453517321962863 223
1653887911731 0.025911729782819748 224
1653887989766 0.006538654211908579 225
1653888067253 0.003465279471129179 226
1653888144662 0.00018481850565876812 227
1653888221924 0.00016773486277088523 228
1653888299176 0.0015748663572594523 229
1653888376722 0.0003953264676965773 230
1653888453987 0.0032646155450493097 231
1653888531381 0.000534084509126842 232
1653888608689 0.0027595108840614557 233
1653888686291 0.006762429140508175 234
1653888763497 0.001371817896142602 235
1653888840736 0.0033639250323176384 236
1653888918053 0.0004041092179249972 237
1653888995430 0.0006358963437378407 238
1653889072522 0.003399089677259326 239
1653889150537 0.001197421457618475 240
1653889227951 0.0505698025226593 241
1653889305306 0.02571808360517025 242
1653889383495 1.7954405848286115e-05 243
1653889465702 0.0001507324632257223 244
1653889547930 0.0023629851639270782 245
1653889629347 0.0030349385924637318 246
1653889711513 0.0017289259703829885 247
1653889790553 0.03127339109778404 248
1653889867914 0.0005817004712298512 249
1653889945178 0.0003255251212976873 250
1653890022551 0.007523892447352409 251
1653890099731 0.0001763303007464856 252
1653890177687 0.0005807745037600398 253
1653890259239 0.007643315941095352 254
1653890339435 0.001287328777834773 255
1653890416892 0.03580256178975105 256
1653890494454 0.0015307744033634663 257
1653890575439 0.0005248722154647112 258
1653890656108 0.005423297174274921 259
1653890741519 0.006910733412951231 260
1653890820979 0.01230673585087061 261
1653890902581 0.0016035574954003096 262
1653890984879 0.00010997243225574493 263
1653891071540 0.0006637623882852495 264
1653891152216 4.429686305229552e-05 265
1653891240806 4.428589090821333e-05 266
1653891324299 3.986773663200438e-05 267
1653891409917 9.690603292256128e-06 268
1653891494343 1.675033854553476e-05 269
1653891580288 5.7947445384343155e-06 270
1653891662660 2.4756968741712626e-06 271
1653891745182 7.660149208277289e-07 272
1653891826811 3.959070454584435e-06 273
1653891906674 0.00010891508281929418 274
1653891987528 4.543203885987168e-06 275
1653892070272 7.666548299312126e-06 276
1653892153070 5.728424002882093e-05 277
1653892236222 0.0001796020078472793 278
1653892319328 0.0037360547576099634 279
1653892401957 0.0005831309244967997 280
1653892484407 0.00032649291097186506 281
1653892566804 0.0014496276853606105 282
1653892649326 0.0010324325412511826 283
1653892731897 0.031750962138175964 284
1653892815046 0.00030939278076402843 285
1653892897386 0.0006468709325417876 286
1653892980050 0.001384207746013999 287
1653893062584 0.002254304476082325 288
1653893145015 0.0036252704448997974 289
1653893227405 0.010056870989501476 290
1653893310043 0.01228877529501915 291
1653893392715 0.0020326406229287386 292
1653893475282 0.00155073928181082 293
1653893557796 0.00039430850301869214 294
1653893640583 0.002347851637750864 295
1653893721117 0.00032722108880989254 296
1653893801783 0.0006254965555854142 297
1653893882414 0.03828471899032593 298
1653893963020 0.000512382248416543 299
