1653870599560 5.526171684265137 0
1653870677724 3.3067684173583984 1
1653870755076 8.325339317321777 2
1653870832260 3.2880468368530273 3
1653870909739 4.812835693359375 4
1653870987154 4.804622650146484 5
1653871064338 3.3385257720947266 6
1653871141627 2.2320556640625 7
1653871218562 2.8562870025634766 8
1653871295691 4.670746803283691 9
1653871372841 4.67427921295166 10
1653871449930 3.8599019050598145 11
1653871526998 4.609118461608887 12
1653871604022 4.3064284324646 13
1653871681002 4.611117839813232 14
1653871758743 5.140707015991211 15
1653871835718 5.182100296020508 16
1653871912758 5.331271171569824 17
1653871989711 4.148982524871826 18
1653872066605 5.312074661254883 19
1653872143707 4.287313938140869 20
1653872220754 5.172501564025879 21
1653872297780 4.815601348876953 22
1653872374752 3.990304708480835 23
1653872451913 2.1448025703430176 24
1653872528813 5.317949295043945 25
1653872605686 9.848531723022461 26
1653872682507 8.055093765258789 27
1653872759346 7.129907608032227 28
1653872836452 5.612187385559082 29
1653872914315 7.037181854248047 30
1653872991274 6.4108686447143555 31
1653873068270 13.641880989074707 32
1653873145210 5.935145378112793 33
1653873222059 3.0060298442840576 34
1653873298919 4.75783634185791 35
1653873375945 5.748755931854248 36
1653873453474 12.138870239257812 37
1653873530428 4.650205612182617 38
1653873607282 8.750905990600586 39
1653873684209 6.384379863739014 40
1653873761244 5.187576770782471 41
1653873838186 7.154512882232666 42
1653873915209 7.67866325378418 43
1653873992224 8.533381462097168 44
1653874070021 7.663923740386963 45
1653874147001 6.282998085021973 46
1653874224181 6.7265777587890625 47
1653874301145 6.497196197509766 48
1653874378194 9.767709732055664 49
1653874455264 6.840095520019531 50
1653874532267 6.938121795654297 51
1653874609317 7.414576530456543 52
1653874686326 5.396044731140137 53
1653874763420 6.883297920227051 54
1653874840320 5.344318389892578 55
1653874917264 5.376396656036377 56
1653874996201 7.814116477966309 57
1653875073377 4.776605606079102 58
1653875150340 9.684489250183105 59
1653875228398 12.367693901062012 60
1653875305740 11.666048049926758 61
1653875383044 17.974475860595703 62
1653875460313 12.129830360412598 63
1653875537640 8.045039176940918 64
1653875615016 8.56892204284668 65
1653875692283 8.189593315124512 66
1653875769534 7.933855056762695 67
1653875846953 8.053522109985352 68
1653875924406 9.153341293334961 69
1653876001773 9.194930076599121 70
1653876079025 11.01658821105957 71
1653876156282 6.504905700683594 72
1653876233741 8.658214569091797 73
1653876311262 7.499002456665039 74
1653876389331 9.791629791259766 75
1653876466511 10.578237533569336 76
1653876543769 5.212538242340088 77
1653876620845 11.016143798828125 78
1653876698175 8.72342300415039 79
1653876775378 6.866637229919434 80
1653876852438 10.0473051071167 81
1653876929577 11.735940933227539 82
1653877006841 4.55752420425415 83
1653877084094 7.005300045013428 84
1653877161219 9.359373092651367 85
1653877238373 6.884128570556641 86
1653877315720 8.28113842010498 87
1653877392989 9.31010913848877 88
1653877470171 9.329632759094238 89
1653877548294 8.093978881835938 90
1653877625642 8.896461486816406 91
1653877703008 7.351240158081055 92
1653877780376 9.0667724609375 93
1653877857652 6.502436637878418 94
1653877934952 9.841686248779297 95
1653878012379 10.2446870803833 96
1653878090116 7.977787494659424 97
1653878167249 8.548044204711914 98
1653878244245 8.462732315063477 99
1653878321417 7.814454078674316 100
1653878398373 6.817461967468262 101
1653878475453 6.490132808685303 102
1653878552381 8.874065399169922 103
1653878629415 10.662171363830566 104
1653878707466 9.131183624267578 105
1653878785000 7.798835754394531 106
1653878862310 8.745006561279297 107
1653878939639 9.329153060913086 108
1653879017115 9.27520751953125 109
1653879094506 6.674894332885742 110
1653879171709 7.020953178405762 111
1653879248956 7.086177825927734 112
1653879326397 8.612936019897461 113
1653879403715 7.937372207641602 114
1653879480958 6.921740531921387 115
1653879558471 9.288315773010254 116
1653879635815 10.120662689208984 117
1653879713079 8.840961456298828 118
1653879790571 10.48151683807373 119
1653879868917 10.758199691772461 120
1653879946358 7.730114936828613 121
1653880024044 9.780109405517578 122
1653880102417 6.65714168548584 123
1653880179388 7.2385125160217285 124
1653880256437 11.135610580444336 125
1653880333641 7.334792613983154 126
1653880410703 6.320815086364746 127
1653880487562 10.370074272155762 128
1653880564520 9.024709701538086 129
1653880641677 8.384653091430664 130
1653880718874 12.21766471862793 131
1653880795936 7.313189506530762 132
1653880872856 9.225472450256348 133
1653880949961 10.74570083618164 134
1653881028141 14.58586311340332 135
1653881105531 8.997559547424316 136
1653881182977 7.767455101013184 137
1653881260441 5.6118292808532715 138
1653881337790 9.751728057861328 139
1653881415176 11.797433853149414 140
1653881492571 11.944404602050781 141
1653881570065 12.314340591430664 142
1653881647409 9.708135604858398 143
1653881724845 12.42999267578125 144
1653881802267 11.826580047607422 145
1653881879662 19.479572296142578 146
1653881956681 8.936304092407227 147
1653882033763 11.391378402709961 148
1653882110713 8.02834701538086 149
1653882188759 8.798553466796875 150
1653882265999 9.506482124328613 151
1653882343415 7.856610298156738 152
1653882420737 8.903278350830078 153
1653882498265 7.444851398468018 154
1653882575488 12.19437026977539 155
1653882652851 6.45633602142334 156
1653882730712 8.208504676818848 157
1653882807692 10.870027542114258 158
1653882884726 8.418994903564453 159
1653882961685 8.75178337097168 160
1653883038863 11.540559768676758 161
1653883115897 10.08534049987793 162
1653883192937 9.337142944335938 163
1653883270213 14.86706829071045 164
1653883348580 9.161380767822266 165
1653883425901 8.433666229248047 166
1653883503474 9.394590377807617 167
1653883580943 12.062379837036133 168
1653883658322 8.311990737915039 169
1653883735698 7.107483386993408 170
1653883812896 11.149474143981934 171
1653883890301 10.065710067749023 172
1653883967698 7.2412614822387695 173
1653884045058 11.864568710327148 174
1653884122289 7.313289165496826 175
1653884199594 12.26318073272705 176
1653884277057 9.112236022949219 177
1653884354352 13.86655330657959 178
1653884431585 9.938661575317383 179
1653884509793 14.620061874389648 180
1653884586908 11.508578300476074 181
1653884664254 11.216512680053711 182
1653884741637 13.778641700744629 183
1653884819147 16.157752990722656 184
1653884896403 16.126323699951172 185
1653884973629 14.855720520019531 186
1653885050903 14.417865753173828 187
1653885128312 11.388839721679688 188
1653885205706 12.137823104858398 189
1653885283223 9.266562461853027 190
1653885360569 9.88755989074707 191
1653885437991 15.310760498046875 192
1653885515348 12.007118225097656 193
1653885592327 9.188919067382812 194
1653885670447 10.374753952026367 195
1653885747695 10.041194915771484 196
1653885824997 11.425538063049316 197
1653885902177 7.698829650878906 198
1653885979504 7.881348133087158 199
1653886056781 9.93055248260498 200
1653886134211 7.6347503662109375 201
1653886211590 8.850162506103516 202
1653886288936 6.8797478675842285 203
1653886366235 10.74943733215332 204
1653886443632 9.038549423217773 205
1653886520738 13.476922035217285 206
1653886598221 8.416091918945312 207
1653886675457 9.561059951782227 208
1653886752738 10.550651550292969 209
1653886830939 8.073484420776367 210
1653886908256 9.823925018310547 211
1653886985561 12.490065574645996 212
1653887062730 11.122196197509766 213
1653887140212 9.977346420288086 214
1653887217446 8.907134056091309 215
1653887294778 7.133047103881836 216
1653887372470 10.217888832092285 217
1653887449548 12.91728401184082 218
1653887526673 10.166860580444336 219
1653887603628 12.660097122192383 220
1653887680635 9.74992561340332 221
1653887757579 10.642266273498535 222
1653887834759 10.648799896240234 223
1653887911737 6.914501190185547 224
1653887989773 9.148509979248047 225
1653888067259 8.190540313720703 226
1653888144669 10.230128288269043 227
1653888221930 13.438987731933594 228
1653888299182 7.703344821929932 229
1653888376727 9.690057754516602 230
1653888453993 12.849638938903809 231
1653888531388 9.875520706176758 232
1653888608695 9.710502624511719 233
1653888686297 7.079573631286621 234
1653888763504 11.322694778442383 235
1653888840742 10.414381980895996 236
1653888918060 9.939590454101562 237
1653888995436 9.220684051513672 238
1653889072529 11.63090705871582 239
1653889150543 10.371673583984375 240
1653889227959 5.92180061340332 241
1653889305313 10.497770309448242 242
1653889383502 13.053632736206055 243
1653889465708 13.222475051879883 244
1653889547938 10.782587051391602 245
1653889629355 11.389030456542969 246
1653889711518 11.151369094848633 247
1653889790560 6.9604973793029785 248
1653889867920 9.473745346069336 249
1653889945185 10.67143440246582 250
1653890022557 11.179587364196777 251
1653890099737 12.141441345214844 252
1653890177695 9.245020866394043 253
1653890259247 7.381918430328369 254
1653890339441 11.169620513916016 255
1653890416900 9.422025680541992 256
1653890494460 8.340558052062988 257
1653890575444 10.484468460083008 258
1653890656114 9.609392166137695 259
1653890741526 7.178947448730469 260
1653890820986 6.596856117248535 261
1653890902588 12.490524291992188 262
1653890984886 10.590702056884766 263
1653891071548 8.682230949401855 264
1653891152223 11.809707641601562 265
1653891240828 11.002752304077148 266
1653891324306 11.226232528686523 267
1653891409924 12.23192024230957 268
1653891494349 13.377152442932129 269
1653891580296 12.855956077575684 270
1653891662666 13.790599822998047 271
1653891745188 14.71342658996582 272
1653891826817 13.32469367980957 273
1653891906681 47.79340362548828 274
1653891987537 33.770687103271484 275
1653892070278 48.350181579589844 276
1653892153078 18.237844467163086 277
1653892236231 21.02222442626953 278
1653892319336 9.666800498962402 279
1653892401963 9.676647186279297 280
1653892484414 11.732649803161621 281
1653892566811 12.535072326660156 282
1653892649331 9.960334777832031 283
1653892731905 6.120975494384766 284
1653892815053 9.641904830932617 285
1653892897394 10.580782890319824 286
1653892980059 8.310681343078613 287
1653893062591 9.398228645324707 288
1653893145024 8.440808296203613 289
1653893227413 7.811408042907715 290
1653893310050 8.17873764038086 291
1653893392722 10.962047576904297 292
1653893475289 8.279398918151855 293
1653893557802 11.012727737426758 294
1653893640591 10.11746883392334 295
1653893721125 13.351336479187012 296
1653893801790 9.93728256225586 297
1653893882423 8.109794616699219 298
1653893963028 10.527678489685059 299
