1653870599552 63.047672271728516 0
1653870677717 59.52796936035156 1
1653870755069 66.0374526977539 2
1653870832252 60.49568557739258 3
1653870909731 66.83576965332031 4
1653870987146 75.28793334960938 5
1653871064331 68.65962219238281 6
1653871141618 63.31913757324219 7
1653871218554 67.42906188964844 8
1653871295682 65.26045227050781 9
1653871372834 66.40846252441406 10
1653871449923 62.45012283325195 11
1653871526990 65.67306518554688 12
1653871604013 60.01624298095703 13
1653871680995 60.26475143432617 14
1653871758735 66.1984634399414 15
1653871835709 62.34514617919922 16
1653871912750 62.14872741699219 17
1653871989702 67.58089447021484 18
1653872066595 59.90455627441406 19
1653872143696 68.56260681152344 20
1653872220745 55.102928161621094 21
1653872297771 60.67510223388672 22
1653872374743 62.66019058227539 23
1653872451905 63.05598068237305 24
1653872528805 57.76238250732422 25
1653872605678 65.29778289794922 26
1653872682498 66.48228454589844 27
1653872759338 62.430809020996094 28
1653872836444 63.06403732299805 29
1653872914306 62.73819351196289 30
1653872991266 56.91471862792969 31
1653873068260 69.25782775878906 32
1653873145202 62.59156799316406 33
1653873222049 52.198402404785156 34
1653873298910 60.69626998901367 35
1653873375936 67.80230712890625 36
1653873453466 66.86373138427734 37
1653873530420 58.38887023925781 38
1653873607274 68.9273681640625 39
1653873684201 55.98331832885742 40
1653873761233 56.905029296875 41
1653873838177 65.90743255615234 42
1653873915200 61.21954345703125 43
1653873992213 54.315670013427734 44
1653874070012 62.58208465576172 45
1653874146992 54.026058197021484 46
1653874224173 56.64326095581055 47
1653874301137 57.26197052001953 48
1653874378184 56.12468719482422 49
1653874455254 54.80650329589844 50
1653874532259 55.509456634521484 51
1653874609309 58.62217330932617 52
1653874686317 55.72242736816406 53
1653874763409 59.79594802856445 54
1653874840310 54.858245849609375 55
1653874917256 57.59879684448242 56
1653874996192 52.26354217529297 57
1653875073369 59.1275634765625 58
1653875150331 63.36533737182617 59
1653875228388 61.05764389038086 60
1653875305731 62.44569396972656 61
1653875383034 68.74085998535156 62
1653875460304 63.33971405029297 63
1653875537630 62.9696159362793 64
1653875615007 58.32635498046875 65
1653875692273 60.668514251708984 66
1653875769524 63.66642761230469 67
1653875846943 67.08123779296875 68
1653875924398 65.90345001220703 69
1653876001764 63.07369613647461 70
1653876079015 57.26592254638672 71
1653876156274 56.091941833496094 72
1653876233732 61.81401062011719 73
1653876311253 59.554840087890625 74
1653876389323 61.279075622558594 75
1653876466503 53.887901306152344 76
1653876543760 60.08133316040039 77
1653876620836 57.69362258911133 78
1653876698165 60.283477783203125 79
1653876775368 49.48362731933594 80
1653876852428 55.10667037963867 81
1653876929568 67.02365112304688 82
1653877006833 51.080322265625 83
1653877084084 49.341434478759766 84
1653877161210 49.059967041015625 85
1653877238362 53.04380798339844 86
1653877315711 44.477664947509766 87
1653877392978 48.373321533203125 88
1653877470162 55.53813552856445 89
1653877548283 54.395355224609375 90
1653877625633 58.65336608886719 91
1653877702998 53.990867614746094 92
1653877780366 53.63886260986328 93
1653877857643 52.82322692871094 94
1653877934944 60.0407829284668 95
1653878012370 55.828155517578125 96
1653878090106 55.73459243774414 97
1653878167238 58.44860076904297 98
1653878244235 53.249900817871094 99
1653878321405 54.29901123046875 100
1653878398362 56.26276397705078 101
1653878475444 58.5417594909668 102
1653878552371 59.5926399230957 103
1653878629405 46.76649856567383 104
1653878707457 52.10289764404297 105
1653878784990 64.4337387084961 106
1653878862300 52.076839447021484 107
1653878939630 59.349647521972656 108
1653879017106 57.424869537353516 109
1653879094496 51.725059509277344 110
1653879171700 50.97525405883789 111
1653879248947 55.092647552490234 112
1653879326387 53.399139404296875 113
1653879403705 58.812225341796875 114
1653879480948 56.48991012573242 115
1653879558459 55.62240982055664 116
1653879635805 55.98621368408203 117
1653879713068 53.39944076538086 118
1653879790561 54.885555267333984 119
1653879868908 58.21387481689453 120
1653879946350 55.153892517089844 121
1653880024034 53.1723518371582 122
1653880102405 55.986656188964844 123
1653880179380 55.15132141113281 124
1653880256428 52.86492919921875 125
1653880333631 53.922080993652344 126
1653880410694 52.688331604003906 127
1653880487554 58.47883605957031 128
1653880564510 58.87053680419922 129
1653880641668 53.676788330078125 130
1653880718865 53.948646545410156 131
1653880795927 53.9105339050293 132
1653880872846 52.11433792114258 133
1653880949951 58.25823211669922 134
1653881028130 53.18335723876953 135
1653881105521 61.43803405761719 136
1653881182967 48.98304748535156 137
1653881260433 39.45560073852539 138
1653881337782 54.12807083129883 139
1653881415167 55.7880859375 140
1653881492561 56.54077911376953 141
1653881570056 59.013633728027344 142
1653881647398 58.29638671875 143
1653881724836 63.67995071411133 144
1653881802256 64.45558166503906 145
1653881879652 65.87140655517578 146
1653881956672 63.76817321777344 147
1653882033753 57.004539489746094 148
1653882110705 47.06953430175781 149
1653882188750 57.50332260131836 150
1653882265989 54.74018859863281 151
1653882343404 48.71177291870117 152
1653882420728 53.64238357543945 153
1653882498255 53.632179260253906 154
1653882575480 55.618350982666016 155
1653882652840 49.60274887084961 156
1653882730702 49.92146682739258 157
1653882807683 61.156944274902344 158
1653882884717 54.90459060668945 159
1653882961675 58.79658508300781 160
1653883038854 57.71300506591797 161
1653883115888 46.299537658691406 162
1653883192928 47.872737884521484 163
1653883270204 58.886268615722656 164
1653883348568 52.21879196166992 165
1653883425892 50.62385940551758 166
1653883503465 57.10945129394531 167
1653883580933 50.095314025878906 168
1653883658312 45.3455810546875 169
1653883735689 57.89638137817383 170
1653883812887 48.428958892822266 171
1653883890293 54.815704345703125 172
1653883967688 54.436981201171875 173
1653884045049 57.61753845214844 174
1653884122280 51.343448638916016 175
1653884199585 53.961055755615234 176
1653884277048 61.16094207763672 177
1653884354343 56.540225982666016 178
1653884431575 60.90876007080078 179
1653884509785 64.97640228271484 180
1653884586897 60.70078659057617 181
1653884664245 67.7309341430664 182
1653884741628 67.91166687011719 183
1653884819136 69.9517822265625 184
1653884896394 70.06639862060547 185
1653884973619 68.7299575805664 186
1653885050893 61.69293975830078 187
1653885128302 60.04094696044922 188
1653885205696 62.6005859375 189
1653885283212 58.02897262573242 190
1653885360560 58.23101806640625 191
1653885437980 70.19767761230469 192
1653885515339 61.39179611206055 193
1653885592318 59.436038970947266 194
1653885670437 46.650787353515625 195
1653885747683 57.397056579589844 196
1653885824988 58.385066986083984 197
1653885902166 54.99694061279297 198
1653885979495 54.76215744018555 199
1653886056771 61.30036544799805 200
1653886134201 53.032833099365234 201
1653886211580 57.097190856933594 202
1653886288927 50.645694732666016 203
1653886366226 52.32151794433594 204
1653886443623 47.24906921386719 205
1653886520728 59.92062759399414 206
1653886598210 57.639671325683594 207
1653886675448 58.708953857421875 208
1653886752728 44.40911865234375 209
1653886830930 54.045921325683594 210
1653886908244 58.12504959106445 211
1653886985551 46.070377349853516 212
1653887062720 50.44375228881836 213
1653887140202 44.78284454345703 214
1653887217438 43.510986328125 215
1653887294769 54.029266357421875 216
1653887372459 59.41642761230469 217
1653887449539 52.847816467285156 218
1653887526663 50.69764709472656 219
1653887603618 48.62702941894531 220
1653887680624 51.08287811279297 221
1653887757569 57.949127197265625 222
1653887834749 52.857513427734375 223
1653887911728 54.731231689453125 224
1653887989763 40.80628204345703 225
1653888067249 47.54460525512695 226
1653888144658 38.63970184326172 227
1653888221920 47.995941162109375 228
1653888299173 53.811485290527344 229
1653888376719 56.512107849121094 230
1653888453983 49.09312438964844 231
1653888531378 56.11952209472656 232
1653888608685 46.85951614379883 233
1653888686286 53.414337158203125 234
1653888763493 49.05555725097656 235
1653888840733 41.813232421875 236
1653888918049 58.45845413208008 237
1653888995426 52.99338912963867 238
1653889072519 53.08241271972656 239
1653889150533 56.541561126708984 240
1653889227947 49.34259796142578 241
1653889305302 50.46449279785156 242
1653889383491 57.27246856689453 243
1653889465699 48.07038116455078 244
1653889547926 56.96068572998047 245
1653889629343 49.21783447265625 246
1653889711509 45.72785186767578 247
1653889790549 41.026519775390625 248
1653889867911 53.61982727050781 249
1653889945175 54.534423828125 250
1653890022547 43.13310241699219 251
1653890099727 56.689456939697266 252
1653890177682 54.91557693481445 253
1653890259234 54.81407928466797 254
1653890339431 43.733585357666016 255
1653890416887 54.350013732910156 256
1653890494450 51.09116744995117 257
1653890575435 48.52576446533203 258
1653890656104 49.43878173828125 259
1653890741515 48.512901306152344 260
1653890820975 50.469356536865234 261
1653890902578 45.437591552734375 262
1653890984875 55.8729133605957 263
1653891071536 63.55404281616211 264
1653891152212 68.05320739746094 265
1653891240796 63.76304626464844 266
1653891324295 64.08834075927734 267
1653891409914 68.16938018798828 268
1653891494339 76.07752990722656 269
1653891580284 77.50415802001953 270
1653891662656 74.73501586914062 271
1653891745178 75.99369049072266 272
1653891826807 81.65443420410156 273
1653891906669 102.94883728027344 274
1653891987524 80.68357849121094 275
1653892070269 87.94090270996094 276
1653892153065 54.55474853515625 277
1653892236219 69.83938598632812 278
1653892319324 59.45573425292969 279
1653892401953 59.19883728027344 280
1653892484403 65.9632568359375 281
1653892566800 52.13578414916992 282
1653892649322 56.032752990722656 283
1653892731892 51.75886917114258 284
1653892815042 60.57768249511719 285
1653892897382 59.578269958496094 286
1653892980046 50.7054328918457 287
1653893062580 40.916080474853516 288
1653893145011 56.75663757324219 289
1653893227400 56.99671936035156 290
1653893310040 57.75156784057617 291
1653893392711 48.19204330444336 292
1653893475278 59.405670166015625 293
1653893557792 50.480079650878906 294
1653893640580 41.77946090698242 295
1653893721114 56.606319427490234 296
1653893801779 52.79594802856445 297
1653893882409 54.189876556396484 298
1653893963016 52.70290756225586 299
