1653870599558 0.5752149820327759 0
1653870677722 0.5622119903564453 1
1653870755074 0.5771211385726929 2
1653870832257 0.5720763802528381 3
1653870909736 0.6202293038368225 4
1653870987152 0.7048330307006836 5
1653871064336 0.6532109975814819 6
1653871141624 0.6108708381652832 7
1653871218559 0.6457277536392212 8
1653871295688 0.605897068977356 9
1653871372839 0.6173418164253235 10
1653871449928 0.585902214050293 11
1653871526996 0.6106394529342651 12
1653871604019 0.5570981502532959 13
1653871681000 0.5565363168716431 14
1653871758740 0.6105775833129883 15
1653871835715 0.5716304779052734 16
1653871912756 0.5681745409965515 17
1653871989708 0.6343191266059875 18
1653872066603 0.5459247827529907 19
1653872143705 0.6427529454231262 20
1653872220751 0.49930429458618164 21
1653872297777 0.5585950016975403 22
1653872374749 0.5866988897323608 23
1653872451911 0.6091117858886719 24
1653872528810 0.5244443416595459 25
1653872605684 0.5544925332069397 26
1653872682504 0.5842719078063965 27
1653872759343 0.553009033203125 28
1653872836450 0.5745185017585754 29
1653872914312 0.5570101141929626 30
1653872991271 0.5050384998321533 31
1653873068267 0.5561594367027283 32
1653873145208 0.5665642023086548 33
1653873222056 0.4919237196445465 34
1653873298916 0.5593843460083008 35
1653873375942 0.6205354928970337 36
1653873453471 0.5472486019134521 37
1653873530425 0.5373866558074951 38
1653873607279 0.6017646193504333 39
1653873684207 0.4959893822669983 40
1653873761240 0.5171745419502258 41
1653873838184 0.587529182434082 42
1653873915206 0.5354087948799133 43
1653873992221 0.45782285928726196 44
1653874070017 0.5491815805435181 45
1653874146998 0.4774306118488312 46
1653874224178 0.4991668462753296 47
1653874301142 0.5076477527618408 48
1653874378190 0.4635697603225708 49
1653874455261 0.4796640872955322 50
1653874532265 0.4857133626937866 51
1653874609315 0.5120759606361389 52
1653874686323 0.5032638311386108 53
1653874763416 0.5291265249252319 54
1653874840318 0.4951392710208893 55
1653874917262 0.5222240090370178 56
1653874996198 0.44449424743652344 57
1653875073374 0.5435096025466919 58
1653875150337 0.5368084907531738 59
1653875228394 0.4868994951248169 60
1653875305737 0.5077964663505554 61
1653875383041 0.5076638460159302 62
1653875460310 0.5120988488197327 63
1653875537637 0.5492457747459412 64
1653875615014 0.4975743293762207 65
1653875692280 0.5247892141342163 66
1653875769531 0.5573257207870483 67
1653875846950 0.5902771949768066 68
1653875924404 0.5675010681152344 69
1653876001770 0.5387876629829407 70
1653876079022 0.462493360042572 71
1653876156280 0.49587035179138184 72
1653876233739 0.5315579771995544 73
1653876311259 0.5205583572387695 74
1653876389329 0.5148744583129883 75
1653876466509 0.43309664726257324 76
1653876543766 0.5486879348754883 77
1653876620842 0.4667747914791107 78
1653876698172 0.5156005620956421 79
1653876775375 0.42616990208625793 80
1653876852435 0.45059365034103394 81
1653876929574 0.5528771281242371 82
1653877006839 0.46522796154022217 83
1653877084091 0.4233613610267639 84
1653877161216 0.39700597524642944 85
1653877238370 0.4615967869758606 86
1653877315717 0.36196523904800415 87
1653877392986 0.39063212275505066 88
1653877470168 0.4620850384235382 89
1653877548291 0.46301376819610596 90
1653877625640 0.4975690543651581 91
1653877703004 0.4663962423801422 92
1653877780373 0.445720911026001 93
1653877857649 0.4632079005241394 94
1653877934950 0.5019909739494324 95
1653878012376 0.45583468675613403 96
1653878090113 0.4775680601596832 97
1653878167245 0.4990055561065674 98
1653878244242 0.44787168502807617 99
1653878321413 0.46484559774398804 100
1653878398370 0.4944530129432678 101
1653878475450 0.5205162763595581 102
1653878552377 0.5071857571601868 103
1653878629412 0.3610432744026184 104
1653878707463 0.42971712350845337 105
1653878784997 0.5663490295410156 106
1653878862306 0.4333183467388153 107
1653878939636 0.5002049207687378 108
1653879017113 0.4814966022968292 109
1653879094503 0.45050162076950073 110
1653879171706 0.4395430088043213 111
1653879248953 0.4800646901130676 112
1653879326394 0.44786202907562256 113
1653879403712 0.5087485313415527 114
1653879480955 0.49568167328834534 115
1653879558468 0.46334096789360046 116
1653879635812 0.4586555063724518 117
1653879713076 0.445584774017334 118
1653879790568 0.4440403878688812 119
1653879868914 0.47455671429634094 120
1653879946356 0.4742377698421478 121
1653880024041 0.4339224100112915 122
1653880102413 0.4932951331138611 123
1653880179386 0.47912806272506714 124
1653880256434 0.4172931909561157 125
1653880333638 0.4658728837966919 126
1653880410700 0.4636751413345337 127
1653880487559 0.4810876250267029 128
1653880564517 0.49845829606056213 129
1653880641675 0.45292139053344727 130
1653880718871 0.41730982065200806 131
1653880795933 0.465973436832428 132
1653880872853 0.4288886785507202 133
1653880949958 0.4751253128051758 134
1653881028138 0.3859749436378479 135
1653881105528 0.524404764175415 136
1653881182974 0.4121558964252472 137
1653881260439 0.3384377360343933 138
1653881337788 0.4437634348869324 139
1653881415173 0.4399065375328064 140
1653881492567 0.4459637403488159 141
1653881570062 0.46699291467666626 142
1653881647406 0.4858825206756592 143
1653881724842 0.5124995708465576 144
1653881802264 0.5262900590896606 145
1653881879658 0.4639183282852173 146
1653881956678 0.5483186841011047 147
1653882033760 0.45613163709640503 148
1653882110711 0.3904118835926056 149
1653882188756 0.4870477020740509 150
1653882265996 0.4523370862007141 151
1653882343411 0.4085516333580017 152
1653882420734 0.4473910629749298 153
1653882498262 0.46187329292297363 154
1653882575486 0.43423980474472046 155
1653882652847 0.4314641058444977 156
1653882730709 0.41712963581085205 157
1653882807689 0.502869188785553 158
1653882884723 0.46485593914985657 159
1653882961682 0.5004479885101318 160
1653883038860 0.4617244601249695 161
1653883115894 0.3621419668197632 162
1653883192934 0.38535594940185547 163
1653883270210 0.44019198417663574 164
1653883348576 0.43057411909103394 165
1653883425899 0.4219019412994385 166
1653883503471 0.4771486222743988 167
1653883580941 0.38032931089401245 168
1653883658319 0.3703359365463257 169
1653883735695 0.5078889727592468 170
1653883812893 0.37279483675956726 171
1653883890299 0.44749996066093445 172
1653883967695 0.4719572067260742 173
1653884045055 0.4575297236442566 174
1653884122287 0.4403015971183777 175
1653884199591 0.41697877645492554 176
1653884277054 0.5204870700836182 177
1653884354348 0.4267367124557495 178
1653884431582 0.5097010135650635 179
1653884509791 0.503563404083252 180
1653884586904 0.4919220805168152 181
1653884664251 0.5651441812515259 182
1653884741634 0.5413302779197693 183
1653884819143 0.537940263748169 184
1653884896400 0.5394007563591003 185
1653884973625 0.5387423634529114 186
1653885050900 0.4727507531642914 187
1653885128310 0.48652106523513794 188
1653885205703 0.5046276450157166 189
1653885283219 0.4876241087913513 190
1653885360566 0.4834345579147339 191
1653885437988 0.5488691926002502 192
1653885515345 0.4938467741012573 193
1653885592324 0.5024712085723877 194
1653885670444 0.36276036500930786 195
1653885747691 0.47355860471725464 196
1653885824994 0.4695952832698822 197
1653885902173 0.4729810953140259 198
1653885979500 0.468808114528656 199
1653886056777 0.5136981010437012 200
1653886134208 0.45398083329200745 201
1653886211586 0.4824702739715576 202
1653886288933 0.43765944242477417 203
1653886366232 0.41572079062461853 204
1653886443629 0.3821052014827728 205
1653886520735 0.4644370675086975 206
1653886598217 0.49223577976226807 207
1653886675454 0.49147891998291016 208
1653886752735 0.33858466148376465 209
1653886830937 0.4597243666648865 210
1653886908252 0.48301124572753906 211
1653886985558 0.3358031213283539 212
1653887062727 0.3932155668735504 213
1653887140209 0.3480549454689026 214
1653887217444 0.3460385203361511 215
1653887294775 0.468962162733078 216
1653887372466 0.49198538064956665 217
1653887449545 0.3993053436279297 218
1653887526670 0.4053078889846802 219
1653887603625 0.3596692979335785 220
1653887680632 0.413329541683197 221
1653887757576 0.47306862473487854 222
1653887834756 0.4220871329307556 223
1653887911734 0.4781672954559326 224
1653887989769 0.3165777325630188 225
1653888067256 0.3935406506061554 226
1653888144666 0.28409573435783386 227
1653888221927 0.34556952118873596 228
1653888299179 0.4610813856124878 229
1653888376725 0.46822047233581543 230
1653888453990 0.36243486404418945 231
1653888531385 0.46244001388549805 232
1653888608692 0.37149012088775635 233
1653888686294 0.4633476138114929 234
1653888763500 0.3773286044597626 235
1653888840739 0.31398850679397583 236
1653888918056 0.48518863320350647 237
1653888995433 0.43772706389427185 238
1653889072525 0.41451504826545715 239
1653889150539 0.46169888973236084 240
1653889227955 0.4342079758644104 241
1653889305310 0.3996672034263611 242
1653889383498 0.4421883225440979 243
1653889465705 0.3484790325164795 244
1653889547935 0.46178096532821655 245
1653889629350 0.37828803062438965 246
1653889711515 0.3457648456096649 247
1653889790556 0.3406602144241333 248
1653889867917 0.44146084785461426 249
1653889945182 0.4386298656463623 250
1653890022554 0.31953513622283936 251
1653890099734 0.4454801678657532 252
1653890177691 0.4567055404186249 253
1653890259243 0.4743216037750244 254
1653890339438 0.32563966512680054 255
1653890416896 0.44927990436553955 256
1653890494457 0.42750608921051025 257
1653890575442 0.3804129958152771 258
1653890656111 0.3982939124107361 259
1653890741523 0.4133395552635193 260
1653890820983 0.4387250244617462 261
1653890902585 0.3294706642627716 262
1653890984882 0.45282211899757385 263
1653891071544 0.5487180948257446 264
1653891152219 0.5624350309371948 265
1653891240822 0.5276029109954834 266
1653891324302 0.5286210775375366 267
1653891409921 0.5593745708465576 268
1653891494346 0.6270037889480591 269
1653891580292 0.646481990814209 270
1653891662663 0.6094441413879395 271
1653891745185 0.6128026247024536 272
1653891826814 0.6832973957061768 273
1653891906677 0.5515543222427368 274
1653891987533 0.46912896633148193 275
1653892070275 0.3959072530269623 276
1653892153074 0.3631690442562103 277
1653892236227 0.48817163705825806 278
1653892319332 0.49788933992385864 279
1653892401960 0.49522191286087036 280
1653892484411 0.5423060655593872 281
1653892566807 0.39600712060928345 282
1653892649328 0.4607241749763489 283
1653892731901 0.4563789367675781 284
1653892815050 0.509357750415802 285
1653892897390 0.48997485637664795 286
1653892980055 0.4239475131034851 287
1653893062587 0.3151785135269165 288
1653893145019 0.48315829038619995 289
1653893227408 0.49185311794281006 290
1653893310047 0.4957283139228821 291
1653893392718 0.3722999691963196 292
1653893475285 0.5112627148628235 293
1653893557799 0.39467352628707886 294
1653893640587 0.3166199028491974 295
1653893721121 0.4325498044490814 296
1653893801786 0.4285866618156433 297
1653893882418 0.46080082654953003 298
1653893963024 0.42175227403640747 299
