1653772708995 0.79338139295578 0
1653772791324 0.8395987749099731 1
1653772876521 0.7096584439277649 2
1653772960573 0.3107997179031372 3
1653773047992 0.4171585738658905 4
1653773135314 0.35965150594711304 5
1653773230844 0.8163443803787231 6
1653773332697 0.9596875905990601 7
1653773433965 0.34678933024406433 8
1653773535126 0.33011290431022644 9
1653773634613 1.8880668878555298 10
1653773730402 1.8696622848510742 11
1653773825977 0.46141818165779114 12
1653773921363 1.1840612888336182 13
1653774020202 0.30873897671699524 14
1653774119448 0.4240478277206421 15
1653774217899 0.4227544665336609 16
1653774312581 0.2716236114501953 17
1653774407872 0.9066855907440186 18
1653774503035 0.16986748576164246 19
1653774598650 0.3945886790752411 20
1653774694278 0.8277804851531982 21
1653774789848 0.6703732013702393 22
1653774885860 0.6243880987167358 23
1653774982039 0.4800466001033783 24
1653775079363 2.876126289367676 25
1653775174976 0.28971296548843384 26
1653775269294 0.4827774465084076 27
1653775363985 0.12658503651618958 28
1653775458944 0.6577130556106567 29
1653775556055 0.3209608197212219 30
1653775650104 0.5270487070083618 31
1653775744246 0.9028655290603638 32
1653775835990 0.21270516514778137 33
1653775921466 0.06732673943042755 34
1653776000734 0.2511189579963684 35
1653776079586 0.15205129981040955 36
1653776158537 2.0563230514526367 37
1653776237442 0.20251990854740143 38
1653776316186 2.8326311111450195 39
1653776394738 1.1251498460769653 40
1653776474407 0.23677408695220947 41
1653776553408 0.19389529526233673 42
1653776631934 0.1557883620262146 43
1653776710719 0.381609708070755 44
1653776790217 0.42381396889686584 45
1653776868937 0.755853533744812 46
1653776947670 0.11137837916612625 47
1653777026585 0.07389509677886963 48
1653777105245 0.9488272666931152 49
1653777184097 0.6446581482887268 50
1653777262985 0.13284042477607727 51
1653777341692 0.3582555651664734 52
1653777420753 0.49915847182273865 53
1653777499689 1.0231841802597046 54
1653777578489 0.07599908858537674 55
1653777657366 0.8219625949859619 56
1653777736374 0.31088295578956604 57
1653777815227 0.11716362088918686 58
1653777893999 0.07723753899335861 59
1653777973609 0.20999892055988312 60
1653778052547 0.01711321249604225 61
1653778131306 0.2422713339328766 62
1653778210001 0.10394170135259628 63
1653778289013 0.05733184516429901 64
1653778367739 0.3488091826438904 65
1653778446513 1.4550034999847412 66
1653778525612 0.1766456812620163 67
1653778604533 0.135654479265213 68
1653778683426 0.08515264093875885 69
1653778762202 0.494600772857666 70
1653778841079 1.0778279304504395 71
1653778919924 0.0866345465183258 72
1653778998572 0.0642688050866127 73
1653779077364 0.20380344986915588 74
1653779156844 0.05387282744050026 75
1653779235689 0.24379891157150269 76
1653779314388 0.044224388897418976 77
1653779393286 0.7729045748710632 78
1653779472177 0.3449847400188446 79
1653779550969 0.1975262463092804 80
1653779629831 0.20564791560173035 81
1653779708517 0.254860520362854 82
1653779787303 0.22020795941352844 83
1653779866173 2.759207010269165 84
1653779944835 0.032828189432621 85
1653780023510 0.35139021277427673 86
1653780102302 0.1973758488893509 87
1653780180983 0.21369512379169464 88
1653780259768 0.020334480330348015 89
1653780339257 0.03435802459716797 90
1653780418057 0.028750037774443626 91
1653780496937 0.11502189189195633 92
1653780575658 0.4888112545013428 93
1653780654472 0.06048724055290222 94
1653780733368 0.08808410167694092 95
1653780812189 0.1217927634716034 96
1653780890878 0.3832133114337921 97
1653780969585 0.39483287930488586 98
1653781048262 0.6590526700019836 99
1653781127109 0.011536752805113792 100
1653781206072 0.050013624131679535 101
1653781284753 0.8916926383972168 102
1653781363668 0.04954856261610985 103
1653781442625 0.3004705011844635 104
1653781522291 0.0758836418390274 105
1653781601101 0.05029577389359474 106
1653781679975 0.18695829808712006 107
1653781758635 0.19646312296390533 108
1653781837441 0.2524811923503876 109
1653781916422 0.20959222316741943 110
1653781995407 0.05544554814696312 111
1653782074026 0.8634611964225769 112
1653782153017 0.012764522805809975 113
1653782231834 0.18038736283779144 114
1653782310668 0.1500038355588913 115
1653782389522 1.2038543224334717 116
1653782468082 0.33519765734672546 117
1653782546968 0.07985565066337585 118
1653782625980 0.023846371099352837 119
1653782705649 0.09044292569160461 120
1653782784333 0.08126366883516312 121
1653782863180 0.10031917691230774 122
1653782942138 1.781548023223877 123
1653783020991 0.9599262475967407 124
1653783099957 0.4459364414215088 125
1653783178715 0.05955503135919571 126
1653783257953 0.02250399813055992 127
1653783336828 0.013322621583938599 128
1653783415580 0.49167943000793457 129
1653783494437 0.03805952146649361 130
1653783573281 0.21908114850521088 131
1653783651925 0.08471058309078217 132
1653783730924 0.20452803373336792 133
1653783809601 0.15627461671829224 134
1653783889028 0.05217975005507469 135
1653783967936 0.16323386132717133 136
1653784046977 0.030053356662392616 137
1653784125747 0.21704116463661194 138
1653784204412 0.6406915187835693 139
1653784283133 0.2147412747144699 140
1653784361814 0.005585644859820604 141
1653784440619 0.10252182185649872 142
1653784519592 0.025179872289299965 143
1653784598511 0.30505257844924927 144
1653784677400 0.1395273506641388 145
1653784756165 0.04727493226528168 146
1653784835029 0.049353014677762985 147
1653784913997 0.011694172397255898 148
1653784992974 0.048575259745121 149
1653785072398 0.2093021124601364 150
1653785151178 0.4419521689414978 151
1653785230288 0.020737705752253532 152
1653785308830 0.016682468354701996 153
1653785387663 0.04692588746547699 154
1653785466472 0.23996447026729584 155
1653785545305 0.014675609767436981 156
1653785624282 0.02712845802307129 157
1653785703125 0.41121700406074524 158
1653785781921 0.04321354627609253 159
1653785860646 0.26074478030204773 160
1653785939290 0.007903642021119595 161
1653786017940 0.3578703701496124 162
1653786096755 0.19341400265693665 163
1653786175481 0.013048677705228329 164
1653786254854 0.08932503312826157 165
1653786333650 0.135048970580101 166
1653786412486 0.019850999116897583 167
1653786491273 0.03883085399866104 168
1653786570031 0.20710986852645874 169
1653786648915 0.421805739402771 170
1653786727899 0.38017967343330383 171
1653786806728 0.040122002363204956 172
1653786885402 0.10065250098705292 173
1653786964150 0.025644032284617424 174
1653787042890 0.012958424165844917 175
1653787121635 0.11862824857234955 176
1653787200506 0.1358635276556015 177
1653787279378 0.028217218816280365 178
1653787358031 0.03464369475841522 179
1653787437524 0.9779965281486511 180
1653787516431 0.02723994478583336 181
1653787595277 0.34626707434654236 182
1653787674098 0.03635186329483986 183
1653787752955 0.25830283761024475 184
1653787831888 0.08638990670442581 185
1653787910700 0.17404240369796753 186
1653787989903 0.03815058618783951 187
1653788068566 0.1143873780965805 188
1653788147299 0.07001954317092896 189
1653788226348 0.04563242942094803 190
1653788305135 0.011591811664402485 191
1653788383902 0.029915357008576393 192
1653788462565 0.14743389189243317 193
1653788541361 0.16723176836967468 194
1653788621066 0.016901588067412376 195
1653788699961 1.1653581857681274 196
1653788778707 0.5252195000648499 197
1653788857506 0.018835920840501785 198
1653788936428 0.050827980041503906 199
1653789015147 0.2838898301124573 200
1653789094028 0.025467844679951668 201
1653789172813 0.030214065685868263 202
1653789251512 0.19934886693954468 203
1653789330517 0.22182808816432953 204
1653789409511 0.025487681850790977 205
1653789488274 0.02847754769027233 206
1653789567109 0.04559239372611046 207
1653789645963 0.046688470989465714 208
1653789724749 0.06549574434757233 209
1653789804258 0.019072750583291054 210
1653789883057 0.01602671854197979 211
1653789961924 0.11186818778514862 212
1653790040846 0.038326822221279144 213
1653790120188 0.012896298430860043 214
1653790199195 0.020238153636455536 215
1653790278378 0.049137815833091736 216
1653790357369 0.004780176095664501 217
1653790436686 0.20467785000801086 218
1653790515787 0.03064698912203312 219
1653790594985 0.02570776827633381 220
1653790674327 0.05269027501344681 221
1653790753519 0.044373393058776855 222
1653790832624 0.040018100291490555 223
1653790911825 0.019253160804510117 224
1653790991918 0.11046939343214035 225
1653791073792 0.09130565822124481 226
1653791154998 0.15920931100845337 227
1653791234185 0.06242752447724342 228
1653791313289 0.01572110317647457 229
1653791392523 0.02560274302959442 230
1653791471750 0.11251578480005264 231
1653791550745 0.006396969314664602 232
1653791629955 0.6370313763618469 233
1653791709180 0.05491768941283226 234
1653791788369 0.0006795136141590774 235
1653791867469 0.1263210028409958 236
1653791946639 0.01835695095360279 237
1653792025583 0.7683666348457336 238
1653792104750 0.051403436809778214 239
1653792184622 0.2837376594543457 240
1653792263844 0.061101336032152176 241
1653792342811 0.03320293873548508 242
1653792421865 0.0193009190261364 243
1653792500943 0.026119191199541092 244
1653792579990 0.005579215940088034 245
1653792658941 0.04385559260845184 246
1653792738441 0.011031526140868664 247
1653792817582 0.0023643069434911013 248
1653792896765 0.027272794395685196 249
1653792976142 0.016578812152147293 250
1653793055461 0.01932908035814762 251
1653793134672 0.16806888580322266 252
1653793213928 0.013267344795167446 253
1653793292903 0.021076625213027 254
1653793372851 0.00432268250733614 255
1653793451982 0.02138461172580719 256
1653793530937 0.39391031861305237 257
1653793609957 0.0014485770370811224 258
1653793689995 0.08428522944450378 259
1653793768799 0.05466051399707794 260
1653793847513 0.12001573294401169 261
1653793926340 0.03891793638467789 262
1653794005255 0.04760333150625229 263
1653794083940 1.3233147859573364 264
1653794162725 0.13281112909317017 265
1653794241543 0.06228003650903702 266
1653794320519 0.16618940234184265 267
1653794399528 0.016026947647333145 268
1653794478591 0.029530730098485947 269
1653794558607 0.020195364952087402 270
1653794637713 0.025041919201612473 271
1653794716586 0.032875679433345795 272
1653794795876 0.002035381505265832 273
1653794874991 0.03098452277481556 274
1653794954081 0.1461458057165146 275
1653795033364 0.024778567254543304 276
1653795112435 0.4675427973270416 277
1653795191497 0.029253927990794182 278
1653795270434 0.05454401299357414 279
1653795349362 0.005135856568813324 280
1653795428596 0.029591189697384834 281
1653795507925 0.0029203721787780523 282
1653795586976 0.037959713488817215 283
1653795666112 1.433525800704956 284
1653795745852 1.2683794498443604 285
1653795825025 0.03800532966852188 286
1653795903981 0.028252100571990013 287
1653795983081 0.051840923726558685 288
1653796062075 0.01849418692290783 289
1653796141121 0.06718724966049194 290
1653796220271 0.033339422196149826 291
1653796299395 0.020347144454717636 292
1653796378620 0.5113762021064758 293
1653796457812 0.06393837928771973 294
1653796536835 0.02024819888174534 295
1653796616167 0.05915632098913193 296
1653796695445 0.04288562387228012 297
1653796774528 0.13218733668327332 298
1653796853568 0.0033937280531972647 299
