1653772709003 1.6462517976760864 0
1653772791330 1.2886031866073608 1
1653772876525 1.223881483078003 2
1653772960580 1.6899776458740234 3
1653773047999 1.5451735258102417 4
1653773135319 1.858155369758606 5
1653773230853 2.1797285079956055 6
1653773332704 1.527510166168213 7
1653773433974 1.7581305503845215 8
1653773535135 1.9079784154891968 9
1653773634621 1.8195900917053223 10
1653773730411 1.9036585092544556 11
1653773825985 2.4166579246520996 12
1653773921370 2.06870436668396 13
1653774020211 1.9723241329193115 14
1653774119457 2.821293830871582 15
1653774217907 1.9628002643585205 16
1653774312589 2.0430266857147217 17
1653774407878 2.9971156120300293 18
1653774503045 2.722202777862549 19
1653774598658 3.8937900066375732 20
1653774694285 1.8002102375030518 21
1653774789857 3.064789056777954 22
1653774885867 2.013483762741089 23
1653774982049 3.6420979499816895 24
1653775079372 2.8761372566223145 25
1653775174985 3.372610092163086 26
1653775269301 2.3939428329467773 27
1653775363991 3.3763723373413086 28
1653775458951 2.0717709064483643 29
1653775556062 2.8844528198242188 30
1653775650111 2.584038734436035 31
1653775744255 2.5847573280334473 32
1653775835996 3.3763699531555176 33
1653775921471 3.559176206588745 34
1653776000739 3.204399347305298 35
1653776079592 3.4582791328430176 36
1653776158542 2.2477593421936035 37
1653776237447 4.097830772399902 38
1653776316192 1.8407506942749023 39
1653776394744 2.322474241256714 40
1653776474412 3.4957408905029297 41
1653776553415 2.947504997253418 42
1653776631940 3.4850997924804688 43
1653776710725 2.7616326808929443 44
1653776790223 3.4903783798217773 45
1653776868943 5.722194671630859 46
1653776947676 4.01066780090332 47
1653777026591 4.057110786437988 48
1653777105251 2.696439743041992 49
1653777184102 3.1252636909484863 50
1653777262991 3.9837682247161865 51
1653777341698 3.524448871612549 52
1653777420758 3.493401050567627 53
1653777499696 3.2569217681884766 54
1653777578494 4.513564109802246 55
1653777657373 2.665969133377075 56
1653777736379 3.4817757606506348 57
1653777815232 3.5139036178588867 58
1653777894005 4.134884357452393 59
1653777973615 4.034000873565674 60
1653778052552 5.524602890014648 61
1653778131311 3.7342705726623535 62
1653778210007 4.105607032775879 63
1653778289018 4.1160407066345215 64
1653778367745 7.7173991203308105 65
1653778446518 1.7490565776824951 66
1653778525618 3.9019246101379395 67
1653778604539 4.257613658905029 68
1653778683432 4.801694393157959 69
1653778762208 3.4509685039520264 70
1653778841085 5.438212871551514 71
1653778919930 8.857664108276367 72
1653778998578 4.95145320892334 73
1653779077371 4.368583679199219 74
1653779156849 4.253054618835449 75
1653779235695 3.6054999828338623 76
1653779314395 4.852303504943848 77
1653779393293 7.790835380554199 78
1653779472183 4.467358589172363 79
1653779550975 4.352875709533691 80
1653779629838 3.2950239181518555 81
1653779708523 3.9132919311523438 82
1653779787309 3.6714959144592285 83
1653779866178 7.969991207122803 84
1653779944841 5.314558982849121 85
1653780023516 3.4621481895446777 86
1653780102308 7.7782182693481445 87
1653780180989 4.753076076507568 88
1653780259774 4.91656494140625 89
1653780339263 5.231138229370117 90
1653780418063 4.638853073120117 91
1653780496944 5.428187370300293 92
1653780575664 5.5259270668029785 93
1653780654478 4.905121803283691 94
1653780733374 4.8329339027404785 95
1653780812195 5.048640251159668 96
1653780890884 6.04055118560791 97
1653780969591 5.452797889709473 98
1653781048270 9.047727584838867 99
1653781127115 6.79850959777832 100
1653781206079 5.177142143249512 101
1653781284760 2.447756052017212 102
1653781363674 4.526457786560059 103
1653781442631 4.639204025268555 104
1653781522297 6.825847625732422 105
1653781601107 4.949548721313477 106
1653781679981 4.677785396575928 107
1653781758641 4.135245323181152 108
1653781837447 5.423083305358887 109
1653781916427 2.8075411319732666 110
1653781995413 5.158607482910156 111
1653782074031 4.63010311126709 112
1653782153023 4.854687690734863 113
1653782231839 8.075021743774414 114
1653782310674 4.947074890136719 115
1653782389528 5.552154064178467 116
1653782468089 4.776158332824707 117
1653782546973 5.368257999420166 118
1653782625986 7.159527778625488 119
1653782705655 4.23244571685791 120
1653782784340 4.365677833557129 121
1653782863187 4.423094272613525 122
1653782942143 1.0525294542312622 123
1653783020997 3.9524121284484863 124
1653783099962 2.968435049057007 125
1653783178721 4.88674259185791 126
1653783257961 6.262470245361328 127
1653783336834 8.064720153808594 128
1653783415585 3.2438013553619385 129
1653783494443 5.0087385177612305 130
1653783573288 4.139681339263916 131
1653783651931 4.742569923400879 132
1653783730931 5.634154319763184 133
1653783809606 4.38314151763916 134
1653783889034 6.559729099273682 135
1653783967943 4.712484359741211 136
1653784046983 5.0412211418151855 137
1653784125753 4.242615222930908 138
1653784204418 5.538338661193848 139
1653784283139 4.219516754150391 140
1653784361819 6.431265354156494 141
1653784440625 8.81480598449707 142
1653784519599 6.15377140045166 143
1653784598517 10.492573738098145 144
1653784677406 5.0630388259887695 145
1653784756171 4.81154727935791 146
1653784835035 4.230989456176758 147
1653784914003 6.504125118255615 148
1653784992981 5.263955593109131 149
1653785072405 5.181551933288574 150
1653785151184 2.948770523071289 151
1653785230295 7.067117691040039 152
1653785308836 5.737323760986328 153
1653785387669 6.122946739196777 154
1653785466480 5.265564918518066 155
1653785545311 5.434220314025879 156
1653785624288 6.123934745788574 157
1653785703132 4.570981979370117 158
1653785781928 4.487061977386475 159
1653785860652 4.637823104858398 160
1653785939296 6.657408714294434 161
1653786017947 4.42421817779541 162
1653786096760 5.848665237426758 163
1653786175486 10.062078475952148 164
1653786254860 5.090117931365967 165
1653786333656 4.542654991149902 166
1653786412493 7.909588813781738 167
1653786491279 5.237492561340332 168
1653786570037 4.086915493011475 169
1653786648922 9.394082069396973 170
1653786727906 8.400896072387695 171
1653786806734 7.614377021789551 172
1653786885408 11.79183292388916 173
1653786964155 5.89676570892334 174
1653787042896 7.1135101318359375 175
1653787121641 6.141909122467041 176
1653787200513 10.488590240478516 177
1653787279384 7.946906089782715 178
1653787358036 6.20099401473999 179
1653787437530 6.964835166931152 180
1653787516438 6.111581802368164 181
1653787595283 6.809697151184082 182
1653787674103 4.660503387451172 183
1653787752963 4.460137367248535 184
1653787831894 13.591558456420898 185
1653787910705 4.367883682250977 186
1653787989909 6.808864116668701 187
1653788068572 7.0756072998046875 188
1653788147305 6.281696796417236 189
1653788226353 5.050058841705322 190
1653788305141 6.52852201461792 191
1653788383908 5.391005516052246 192
1653788462570 6.08221435546875 193
1653788541366 5.073375225067139 194
1653788621071 6.656413555145264 195
1653788699966 6.700657844543457 196
1653788778712 5.775279998779297 197
1653788857512 7.1854448318481445 198
1653788936434 5.078438758850098 199
1653789015152 7.057698726654053 200
1653789094034 9.250446319580078 201
1653789172819 5.037062644958496 202
1653789251518 6.260483741760254 203
1653789330523 5.584074020385742 204
1653789409517 5.405675888061523 205
1653789488280 7.80211067199707 206
1653789567115 5.066327095031738 207
1653789645968 4.773563385009766 208
1653789724755 12.375753402709961 209
1653789804264 9.793632507324219 210
1653789883064 6.370100021362305 211
1653789961931 9.337696075439453 212
1653790040852 5.5765581130981445 213
1653790120194 5.570312976837158 214
1653790199201 6.708913803100586 215
1653790278385 5.426290988922119 216
1653790357376 7.585212707519531 217
1653790436693 7.778439521789551 218
1653790515793 5.342489242553711 219
1653790594991 8.002616882324219 220
1653790674333 6.886659622192383 221
1653790753525 5.524005889892578 222
1653790832629 5.588668346405029 223
1653790911831 5.986117839813232 224
1653790991924 4.950482368469238 225
1653791073800 6.006222724914551 226
1653791155004 9.671080589294434 227
1653791234191 6.474625587463379 228
1653791313295 8.126960754394531 229
1653791392529 5.777517318725586 230
1653791471756 7.2592549324035645 231
1653791550751 6.718038082122803 232
1653791629962 3.3073134422302246 233
1653791709186 5.046220779418945 234
1653791788376 15.248926162719727 235
1653791867475 11.343748092651367 236
1653791946645 5.956326961517334 237
1653792025589 3.493839979171753 238
1653792104756 6.0720062255859375 239
1653792184628 4.816310405731201 240
1653792263851 7.238587856292725 241
1653792342818 6.957598686218262 242
1653792421872 7.05757999420166 243
1653792500950 13.411447525024414 244
1653792579996 13.67061996459961 245
1653792658947 8.683234214782715 246
1653792738448 6.767537593841553 247
1653792817588 11.129014015197754 248
1653792896772 5.137666702270508 249
1653792976148 6.284241676330566 250
1653793055467 14.553818702697754 251
1653793134678 6.981012344360352 252
1653793213935 5.610239028930664 253
1653793292909 6.105108261108398 254
1653793372857 7.512127876281738 255
1653793451987 6.162052154541016 256
1653793530943 8.618252754211426 257
1653793609963 15.110084533691406 258
1653793690003 5.14680290222168 259
1653793768805 7.6588029861450195 260
1653793847519 5.744350433349609 261
1653793926347 5.581881523132324 262
1653794005261 5.462370872497559 263
1653794083947 2.4946279525756836 264
1653794162732 6.164057731628418 265
1653794241550 4.774809837341309 266
1653794320525 4.61624813079834 267
1653794399534 5.914398193359375 268
1653794478597 7.664792537689209 269
1653794558613 8.001681327819824 270
1653794637719 5.4939117431640625 271
1653794716592 4.8435564041137695 272
1653794795883 20.973464965820312 273
1653794874997 6.239117622375488 274
1653794954087 5.790304183959961 275
1653795033370 5.347806453704834 276
1653795112441 10.857244491577148 277
1653795191503 6.078355312347412 278
1653795270440 5.9468889236450195 279
1653795349368 7.765077114105225 280
1653795428603 5.916053771972656 281
1653795507932 8.713824272155762 282
1653795586982 5.040706634521484 283
1653795666118 10.242653846740723 284
1653795745857 1.4960730075836182 285
1653795825032 7.210787773132324 286
1653795903987 5.28573751449585 287
1653795983089 5.8350114822387695 288
1653796062082 5.521526336669922 289
1653796141127 5.438098907470703 290
1653796220278 6.098623752593994 291
1653796299402 6.314197540283203 292
1653796378626 6.486985206604004 293
1653796457818 5.249516487121582 294
1653796536842 5.470916748046875 295
1653796616174 9.010915756225586 296
1653796695451 5.101205825805664 297
1653796774535 4.1440277099609375 298
1653796853574 15.816205978393555 299
