1653772708992 11.321746826171875 0
1653772791322 8.916624069213867 1
1653772876518 9.62832260131836 2
1653772960570 9.304431915283203 3
1653773047989 9.799883842468262 4
1653773135310 9.713228225708008 5
1653773230840 11.096996307373047 6
1653773332692 7.77635383605957 7
1653773433961 12.208406448364258 8
1653773535122 12.476898193359375 9
1653773634609 7.934211730957031 10
1653773730398 7.095941066741943 11
1653773825973 9.63726806640625 12
1653773921358 12.680534362792969 13
1653774020198 12.077549934387207 14
1653774119444 10.56363296508789 15
1653774217895 9.767951011657715 16
1653774312577 11.8524751663208 17
1653774407868 10.784284591674805 18
1653774503030 14.284828186035156 19
1653774598642 12.46137523651123 20
1653774694274 6.760252952575684 21
1653774789844 12.237415313720703 22
1653774885856 9.643417358398438 23
1653774982035 13.679121017456055 24
1653775079359 12.018110275268555 25
1653775174971 9.302665710449219 26
1653775269290 6.539850234985352 27
1653775363980 17.02157974243164 28
1653775458940 9.084294319152832 29
1653775556051 11.390769004821777 30
1653775650099 12.252344131469727 31
1653775744241 8.023496627807617 32
1653775835985 12.771001815795898 33
1653775921462 14.045524597167969 34
1653776000732 15.426076889038086 35
1653776079583 14.990560531616211 36
1653776158534 9.365873336791992 37
1653776237439 13.430617332458496 38
1653776316183 9.09760856628418 39
1653776394735 10.24885082244873 40
1653776474404 8.77046012878418 41
1653776553405 9.754583358764648 42
1653776631931 10.844980239868164 43
1653776710716 6.849123001098633 44
1653776790213 14.053340911865234 45
1653776868934 13.389864921569824 46
1653776947667 11.272847175598145 47
1653777026582 11.838946342468262 48
1653777105242 9.293861389160156 49
1653777184094 11.238508224487305 50
1653777262982 11.455730438232422 51
1653777341689 12.078344345092773 52
1653777420750 12.217281341552734 53
1653777499686 8.384559631347656 54
1653777578486 10.52186393737793 55
1653777657363 11.257635116577148 56
1653777736370 8.749829292297363 57
1653777815223 9.16091537475586 58
1653777893996 12.900655746459961 59
1653777973605 11.89048957824707 60
1653778052543 18.053119659423828 61
1653778131302 7.110857009887695 62
1653778209998 13.850164413452148 63
1653778289010 15.546550750732422 64
1653778367736 19.366147994995117 65
1653778446509 7.819425582885742 66
1653778525610 9.9229154586792 67
1653778604530 11.126141548156738 68
1653778683422 15.970781326293945 69
1653778762199 8.622450828552246 70
1653778841076 14.366159439086914 71
1653778919921 15.960017204284668 72
1653778998569 16.856063842773438 73
1653779077361 10.237689971923828 74
1653779156840 13.119025230407715 75
1653779235686 13.822417259216309 76
1653779314385 13.03249454498291 77
1653779393283 17.05584716796875 78
1653779472174 10.631661415100098 79
1653779550966 12.040779113769531 80
1653779629828 8.112635612487793 81
1653779708514 14.030885696411133 82
1653779787299 13.175512313842773 83
1653779866169 15.328542709350586 84
1653779944832 17.953052520751953 85
1653780023507 12.543859481811523 86
1653780102299 19.23938751220703 87
1653780180979 9.727672576904297 88
1653780259764 13.066117286682129 89
1653780339254 14.752498626708984 90
1653780418054 8.802728652954102 91
1653780496933 16.44000816345215 92
1653780575655 10.531307220458984 93
1653780654469 13.657463073730469 94
1653780733364 15.093231201171875 95
1653780812186 12.013813018798828 96
1653780890874 12.36638069152832 97
1653780969582 10.554384231567383 98
1653781048258 19.833576202392578 99
1653781127105 12.489871978759766 100
1653781206069 14.409053802490234 101
1653781284750 11.365964889526367 102
1653781363664 12.260210990905762 103
1653781442621 17.209270477294922 104
1653781522288 15.840109825134277 105
1653781601098 11.804882049560547 106
1653781679971 13.356666564941406 107
1653781758632 15.737263679504395 108
1653781837438 9.126588821411133 109
1653781916418 12.784143447875977 110
1653781995403 15.197813034057617 111
1653782074022 14.817049026489258 112
1653782153013 15.919620513916016 113
1653782231831 14.583358764648438 114
1653782310664 17.490568161010742 115
1653782389519 14.697139739990234 116
1653782468079 8.452276229858398 117
1653782546964 17.522069931030273 118
1653782625977 20.513446807861328 119
1653782705646 15.572197914123535 120
1653782784330 12.531254768371582 121
1653782863177 15.849157333374023 122
1653782942134 6.024555683135986 123
1653783020987 7.74324893951416 124
1653783099954 7.758772850036621 125
1653783178712 14.883468627929688 126
1653783257949 18.22848129272461 127
1653783336824 17.15009307861328 128
1653783415577 6.877003192901611 129
1653783494433 12.006597518920898 130
1653783573276 10.799736022949219 131
1653783651921 14.707169532775879 132
1653783730921 13.853462219238281 133
1653783809598 15.157441139221191 134
1653783889025 14.431090354919434 135
1653783967932 10.4522705078125 136
1653784046974 13.844972610473633 137
1653784125744 10.769618034362793 138
1653784204408 15.556112289428711 139
1653784283128 9.705673217773438 140
1653784361810 22.843936920166016 141
1653784440616 23.013761520385742 142
1653784519589 16.684492111206055 143
1653784598508 18.389135360717773 144
1653784677397 15.194747924804688 145
1653784756162 13.547069549560547 146
1653784835025 14.048733711242676 147
1653784913994 12.62900447845459 148
1653784992970 16.828996658325195 149
1653785072394 11.704980850219727 150
1653785151175 7.198089599609375 151
1653785230284 17.028076171875 152
1653785308827 13.763467788696289 153
1653785387660 11.632102012634277 154
1653785466467 10.963123321533203 155
1653785545302 17.009056091308594 156
1653785624279 16.891605377197266 157
1653785703122 18.077526092529297 158
1653785781918 13.516693115234375 159
1653785860643 8.68834114074707 160
1653785939286 17.992515563964844 161
1653786017936 11.341626167297363 162
1653786096751 16.062028884887695 163
1653786175478 19.193355560302734 164
1653786254850 8.89991569519043 165
1653786333647 11.857742309570312 166
1653786412483 18.47454261779785 167
1653786491270 13.822988510131836 168
1653786570028 12.026786804199219 169
1653786648912 20.049739837646484 170
1653786727896 17.934734344482422 171
1653786806725 12.529616355895996 172
1653786885399 14.692461967468262 173
1653786964147 10.200439453125 174
1653787042886 14.70973014831543 175
1653787121633 18.997379302978516 176
1653787200503 16.609317779541016 177
1653787279375 16.200820922851562 178
1653787358026 12.235334396362305 179
1653787437519 17.9552001953125 180
1653787516428 15.255232810974121 181
1653787595274 13.971519470214844 182
1653787674094 13.102937698364258 183
1653787752952 11.861502647399902 184
1653787831885 23.884584426879883 185
1653787910697 12.661438941955566 186
1653787989899 16.788738250732422 187
1653788068562 16.45841407775879 188
1653788147296 12.327714920043945 189
1653788226344 15.760412216186523 190
1653788305131 21.336563110351562 191
1653788383899 15.710186004638672 192
1653788462561 22.237730026245117 193
1653788541357 17.79958152770996 194
1653788621062 15.491159439086914 195
1653788699957 11.306596755981445 196
1653788778703 9.695232391357422 197
1653788857503 18.8995361328125 198
1653788936425 15.706768989562988 199
1653789015142 17.519521713256836 200
1653789094024 15.780993461608887 201
1653789172810 13.438258171081543 202
1653789251508 16.05181884765625 203
1653789330514 14.226509094238281 204
1653789409507 19.32208251953125 205
1653789488270 17.09177589416504 206
1653789567106 10.90439224243164 207
1653789645960 13.198140144348145 208
1653789724745 25.151830673217773 209
1653789804255 13.96435546875 210
1653789883053 14.856025695800781 211
1653789961920 17.26953887939453 212
1653790040842 16.3187198638916 213
1653790120185 13.169204711914062 214
1653790199191 17.756317138671875 215
1653790278374 11.446386337280273 216
1653790357366 22.549999237060547 217
1653790436683 15.975937843322754 218
1653790515783 13.366931915283203 219
1653790594981 18.8175106048584 220
1653790674324 16.81861686706543 221
1653790753516 8.665956497192383 222
1653790832620 11.980449676513672 223
1653790911821 17.117788314819336 224
1653790991915 10.40544319152832 225
1653791073789 11.139041900634766 226
1653791154994 16.865028381347656 227
1653791234182 16.332416534423828 228
1653791313285 13.040756225585938 229
1653791392519 18.428857803344727 230
1653791471747 12.832436561584473 231
1653791550742 13.919705390930176 232
1653791629952 10.400825500488281 233
1653791709176 15.453792572021484 234
1653791788365 24.805797576904297 235
1653791867465 19.046588897705078 236
1653791946636 15.486211776733398 237
1653792025580 9.962370872497559 238
1653792104747 15.235279083251953 239
1653792184619 19.568754196166992 240
1653792263841 20.023426055908203 241
1653792342807 20.392601013183594 242
1653792421862 17.899581909179688 243
1653792500939 21.853099822998047 244
1653792579987 23.25653648376465 245
1653792658937 15.911256790161133 246
1653792738438 16.85039710998535 247
1653792817578 21.319347381591797 248
1653792896762 14.17509937286377 249
1653792976139 17.618450164794922 250
1653793055457 27.08058738708496 251
1653793134669 13.325974464416504 252
1653793213925 14.215014457702637 253
1653793292899 12.758337020874023 254
1653793372847 16.575613021850586 255
1653793451978 16.281787872314453 256
1653793530933 15.022170066833496 257
1653793609954 26.127761840820312 258
1653793689992 15.606653213500977 259
1653793768796 23.588279724121094 260
1653793847509 10.152830123901367 261
1653793926337 16.57026481628418 262
1653794005251 11.731145858764648 263
1653794083937 7.507206439971924 264
1653794162722 13.476276397705078 265
1653794241540 13.294559478759766 266
1653794320515 10.308034896850586 267
1653794399525 17.910579681396484 268
1653794478587 20.165359497070312 269
1653794558604 16.399524688720703 270
1653794637709 15.03320026397705 271
1653794716582 12.063468933105469 272
1653794795872 33.33254623413086 273
1653794874987 15.971378326416016 274
1653794954077 12.889505386352539 275
1653795033360 15.407880783081055 276
1653795112432 15.075281143188477 277
1653795191493 11.380352020263672 278
1653795270431 13.403560638427734 279
1653795349359 20.34726333618164 280
1653795428593 16.123666763305664 281
1653795507921 18.06622314453125 282
1653795586973 11.401308059692383 283
1653795666108 18.819046020507812 284
1653795745848 10.63524055480957 285
1653795825022 16.921310424804688 286
1653795903978 15.82896614074707 287
1653795983078 11.495455741882324 288
1653796062072 13.773561477661133 289
1653796141118 19.3828125 290
1653796220268 15.794376373291016 291
1653796299391 13.022851943969727 292
1653796378617 13.579696655273438 293
1653796457808 14.008645057678223 294
1653796536832 13.323680877685547 295
1653796616164 19.180179595947266 296
1653796695441 16.699371337890625 297
1653796774524 13.508069038391113 298
1653796853565 24.55706787109375 299
