1653772709001 0.09675495326519012 0
1653772791327 0.07628020644187927 1
1653772876523 0.08404441177845001 2
1653772960577 0.07614454627037048 3
1653773047996 0.08254710584878922 4
1653773135317 0.07855072617530823 5
1653773230848 0.08917267620563507 6
1653773332701 0.062488436698913574 7
1653773433969 0.10450275242328644 8
1653773535131 0.10568920522928238 9
1653773634618 0.06114621460437775 10
1653773730407 0.05192282795906067 11
1653773825981 0.07220610231161118 12
1653773921366 0.10611829906702042 13
1653774020206 0.10105225443840027 14
1653774119454 0.07742339372634888 15
1653774217902 0.07805150747299194 16
1653774312585 0.09809447824954987 17
1653774407875 0.07787169516086578 18
1653774503039 0.1156262457370758 19
1653774598654 0.08567585051059723 20
1653774694282 0.049600426107645035 21
1653774789853 0.09172626584768295 22
1653774885863 0.07629933953285217 23
1653774982045 0.10037022829055786 24
1653775079368 0.09141973406076431 25
1653775174980 0.059300556778907776 26
1653775269298 0.04145907610654831 27
1653775363988 0.1364520788192749 28
1653775458947 0.07012523710727692 29
1653775556058 0.0850631594657898 30
1653775650107 0.09668305516242981 31
1653775744250 0.054387398064136505 32
1653775835993 0.09394632279872894 33
1653775921468 0.1048634797334671 34
1653776000737 0.12221677601337433 35
1653776079589 0.11532281339168549 36
1653776158539 0.07118113338947296 37
1653776237444 0.09332786500453949 38
1653776316189 0.07256858050823212 39
1653776394741 0.07926376163959503 40
1653776474409 0.05274718627333641 41
1653776553411 0.06807077676057816 42
1653776631937 0.07359880954027176 43
1653776710722 0.0408749058842659 44
1653776790219 0.10562962293624878 45
1653776868940 0.07667670398950577 46
1653776947672 0.07262179255485535 47
1653777026588 0.0778183564543724 48
1653777105248 0.06597422063350677 49
1653777184100 0.0811324492096901 50
1653777262988 0.0747196227312088 51
1653777341695 0.08553895354270935 52
1653777420755 0.08723881095647812 53
1653777499692 0.05127638205885887 54
1653777578492 0.06008300185203552 55
1653777657370 0.0859166607260704 56
1653777736376 0.05268053710460663 57
1653777815229 0.0564701184630394 58
1653777894002 0.08765771239995956 59
1653777973612 0.07856488972902298 60
1653778052549 0.12528516352176666 61
1653778131308 0.03376586735248566 62
1653778210004 0.09744556993246078 63
1653778289015 0.11430510878562927 64
1653778367742 0.11648748815059662 65
1653778446515 0.060703691095113754 66
1653778525615 0.060209907591342926 67
1653778604536 0.06868527829647064 68
1653778683429 0.11169086396694183 69
1653778762205 0.05171482264995575 70
1653778841082 0.08927947282791138 71
1653778919927 0.07102353125810623 72
1653778998575 0.11904609948396683 73
1653779077368 0.05869106948375702 74
1653779156846 0.08865970373153687 75
1653779235692 0.10216917097568512 76
1653779314391 0.08180191367864609 77
1653779393290 0.09265011548995972 78
1653779472180 0.06164303049445152 79
1653779550972 0.07687903940677643 80
1653779629835 0.0481761172413826 81
1653779708520 0.1011759340763092 82
1653779787306 0.09504017233848572 83
1653779866176 0.07358551770448685 84
1653779944838 0.1263849437236786 85
1653780023513 0.09081711620092392 86
1653780102305 0.11461170017719269 87
1653780180986 0.04974596947431564 88
1653780259771 0.08149552345275879 89
1653780339260 0.09521359950304031 90
1653780418060 0.04163875803351402 91
1653780496941 0.11011821031570435 92
1653780575661 0.05005379766225815 93
1653780654475 0.08752341568470001 94
1653780733371 0.10260297358036041 95
1653780812192 0.06965172290802002 96
1653780890880 0.06325829029083252 97
1653780969588 0.05101586878299713 98
1653781048266 0.10785847902297974 99
1653781127112 0.05691361799836159 100
1653781206076 0.09231911599636078 101
1653781284757 0.08918208628892899 102
1653781363671 0.07733753323554993 103
1653781442628 0.1257006675004959 104
1653781522293 0.090142622590065 105
1653781601104 0.06855332851409912 106
1653781679978 0.08678881824016571 107
1653781758638 0.11602018028497696 108
1653781837444 0.03703505918383598 109
1653781916424 0.09976602345705032 110
1653781995410 0.10039205849170685 111
1653782074029 0.10186945647001266 112
1653782153020 0.11064933240413666 113
1653782231836 0.06508336961269379 114
1653782310671 0.12543493509292603 115
1653782389525 0.09144984930753708 116
1653782468086 0.03676117956638336 117
1653782546970 0.12153812497854233 118
1653782625984 0.13353918492794037 119
1653782705652 0.1133975237607956 120
1653782784336 0.08165577054023743 121
1653782863183 0.11426062136888504 122
1653782942140 0.049720264971256256 123
1653783020994 0.037908367812633514 124
1653783099959 0.047903381288051605 125
1653783178718 0.09996726363897324 126
1653783257957 0.11966011673212051 127
1653783336831 0.0908537432551384 128
1653783415583 0.03633201867341995 129
1653783494440 0.06997858732938766 130
1653783573284 0.06660054624080658 131
1653783651928 0.09964599460363388 132
1653783730928 0.08219307661056519 133
1653783809604 0.10774299502372742 134
1653783889031 0.07871361076831818 135
1653783967939 0.057397857308387756 136
1653784046979 0.08803752064704895 137
1653784125750 0.06527002900838852 138
1653784204415 0.10017773509025574 139
1653784283136 0.05486156791448593 140
1653784361817 0.16412672400474548 141
1653784440622 0.1419895589351654 142
1653784519596 0.1053072065114975 143
1653784598514 0.07896561920642853 144
1653784677404 0.10131709277629852 145
1653784756168 0.08735521882772446 146
1653784835032 0.09817744046449661 147
1653784914000 0.061248794198036194 148
1653784992978 0.11565041542053223 149
1653785072402 0.06523428857326508 150
1653785151181 0.04249319061636925 151
1653785230291 0.09960957616567612 152
1653785308833 0.08026143908500671 153
1653785387666 0.055091552436351776 154
1653785466476 0.0569755882024765 155
1653785545308 0.1157483458518982 156
1653785624285 0.10767671465873718 157
1653785703129 0.13506543636322021 158
1653785781924 0.09029631316661835 159
1653785860649 0.04050518199801445 160
1653785939293 0.11335107684135437 161
1653786017944 0.06917408108711243 162
1653786096757 0.10213363915681839 163
1653786175483 0.09131276607513428 164
1653786254857 0.03809797763824463 165
1653786333653 0.0731508731842041 166
1653786412490 0.10564953833818436 167
1653786491276 0.08585496246814728 168
1653786570034 0.07939871400594711 169
1653786648918 0.10655656456947327 170
1653786727902 0.095338374376297 171
1653786806731 0.04915239289402962 172
1653786885405 0.029006291180849075 173
1653786964153 0.04303674399852753 174
1653787042893 0.07596220076084137 175
1653787121638 0.12855470180511475 176
1653787200510 0.061207279562950134 177
1653787279381 0.0825391560792923 178
1653787358033 0.06034340336918831 179
1653787437527 0.10990364849567413 180
1653787516435 0.09143651276826859 181
1653787595279 0.0716182291507721 182
1653787674100 0.08442434668540955 183
1653787752958 0.07401365041732788 184
1653787831891 0.10293026268482208 185
1653787910702 0.08293555676937103 186
1653787989906 0.09979873895645142 187
1653788068569 0.09382806718349457 188
1653788147302 0.060460180044174194 189
1653788226350 0.10710354149341583 190
1653788305138 0.14808040857315063 191
1653788383905 0.1031918078660965 192
1653788462568 0.16155515611171722 193
1653788541364 0.12726205587387085 194
1653788621068 0.08834744989871979 195
1653788699964 0.04605938866734505 196
1653788778710 0.039199523627758026 197
1653788857509 0.11714092642068863 198
1653788936431 0.10628330707550049 199
1653789015149 0.10461822897195816 200
1653789094031 0.06530547142028809 201
1653789172816 0.08401195704936981 202
1653789251515 0.09791333973407745 203
1653789330520 0.08642435073852539 204
1653789409514 0.1391640603542328 205
1653789488277 0.09289664775133133 206
1653789567112 0.05838065594434738 207
1653789645966 0.08424576371908188 208
1653789724751 0.12776076793670654 209
1653789804261 0.041707225143909454 210
1653789883060 0.08485925197601318 211
1653789961927 0.07931843400001526 212
1653790040849 0.10742161422967911 213
1653790120191 0.07598891109228134 214
1653790199198 0.11047403514385223 215
1653790278381 0.06020095944404602 216
1653790357373 0.14964787662029266 217
1653790436690 0.08197498321533203 218
1653790515789 0.08024442195892334 219
1653790594988 0.10814893245697021 220
1653790674330 0.09931956976652145 221
1653790753522 0.03141950070858002 222
1653790832626 0.06391781568527222 223
1653790911827 0.11131671071052551 224
1653790991921 0.05454961210489273 225
1653791073796 0.05132818967103958 226
1653791155001 0.07193948328495026 227
1653791234188 0.09857790172100067 228
1653791313292 0.04913795739412308 229
1653791392526 0.12651340663433075 230
1653791471753 0.05573181435465813 231
1653791550749 0.07201667129993439 232
1653791629959 0.07093512266874313 233
1653791709183 0.10407571494579315 234
1653791788373 0.09556872397661209 235
1653791867472 0.07702840119600296 236
1653791946642 0.09529884159564972 237
1653792025586 0.06468530744314194 238
1653792104754 0.09163272380828857 239
1653792184625 0.14752443134784698 240
1653792263847 0.12784838676452637 241
1653792342815 0.1343500167131424 242
1653792421869 0.10842001438140869 243
1653792500947 0.08441651612520218 244
1653792579993 0.09585916250944138 245
1653792658944 0.07228022068738937 246
1653792738445 0.10082860291004181 247
1653792817585 0.10190331935882568 248
1653792896768 0.09037432819604874 249
1653792976145 0.11334207653999329 250
1653793055464 0.12526768445968628 251
1653793134675 0.06344962120056152 252
1653793213932 0.08604775369167328 253
1653793292906 0.06653228402137756 254
1653793372854 0.09063485264778137 255
1653793451984 0.10119736194610596 256
1653793530940 0.06403917074203491 257
1653793609960 0.11017678678035736 258
1653793689999 0.1045985072851181 259
1653793768803 0.1592947542667389 260
1653793847516 0.04408479854464531 261
1653793926344 0.10988382995128632 262
1653794005258 0.06268774718046188 263
1653794083943 0.050125785171985626 264
1653794162729 0.07312218844890594 265
1653794241546 0.08519749343395233 266
1653794320522 0.05691786855459213 267
1653794399531 0.11996181309223175 268
1653794478594 0.12500566244125366 269
1653794558610 0.08397844433784485 270
1653794637716 0.09539288282394409 271
1653794716589 0.07219912111759186 272
1653794795879 0.12359081953763962 273
1653794874994 0.09732260555028915 274
1653794954084 0.07099201530218124 275
1653795033367 0.10060074925422668 276
1653795112438 0.042180366814136505 277
1653795191500 0.053019970655441284 278
1653795270437 0.07456672191619873 279
1653795349365 0.12582185864448547 280
1653795428600 0.10207612812519073 281
1653795507928 0.09352397918701172 282
1653795586979 0.06360600888729095 283
1653795666115 0.08576391637325287 284
1653795745854 0.0913916751742363 285
1653795825028 0.09710521996021271 286
1653795903985 0.10543228685855865 287
1653795983085 0.05660444498062134 288
1653796062078 0.08252035081386566 289
1653796141124 0.13944712281227112 290
1653796220274 0.09695751965045929 291
1653796299398 0.06708654761314392 292
1653796378623 0.07092711329460144 293
1653796457815 0.08759129047393799 294
1653796536838 0.07852763682603836 295
1653796616171 0.10169264674186707 296
1653796695448 0.11598166078329086 297
1653796774532 0.09364040940999985 298
1653796853571 0.08740860968828201 299
