1653923740552 0.1780809760093689 0
1653923826143 0.025212379172444344 1
1653923911036 0.03422388434410095 2
1653923995562 0.15459522604942322 3
1653924080629 0.42107900977134705 4
1653924162704 0.6182323694229126 5
1653924243481 0.12904150784015656 6
1653924324255 0.35668787360191345 7
1653924405159 0.06250122934579849 8
1653924486030 0.20237168669700623 9
1653924566964 0.06324293464422226 10
1653924648132 0.2954769730567932 11
1653924728801 0.1662319004535675 12
1653924807387 0.19048245251178741 13
1653924886080 0.12162473797798157 14
1653924965523 0.10792103409767151 15
1653925044342 0.1287437230348587 16
1653925122947 0.06323062628507614 17
1653925201531 0.184621661901474 18
1653925280080 0.35612308979034424 19
1653925358739 0.05940314382314682 20
1653925437105 0.6157544851303101 21
1653925515901 0.04554975777864456 22
1653925594415 0.6362416744232178 23
1653925672877 0.07050036638975143 24
1653925756036 0.02359963208436966 25
1653925834683 0.09488808363676071 26
1653925913218 0.844765305519104 27
1653925991813 0.1081325113773346 28
1653926070255 0.09317250549793243 29
1653926150024 0.07645425200462341 30
1653926228626 0.4677448272705078 31
1653926307452 0.2918173670768738 32
1653926386070 0.22886240482330322 33
1653926464405 0.2724968492984772 34
1653926542718 0.7001604437828064 35
1653926621175 1.002278447151184 36
1653926700127 0.9885749816894531 37
1653926778299 0.30658361315727234 38
1653926856492 0.024955295026302338 39
1653926934750 0.5032987594604492 40
1653927012697 0.5237070322036743 41
1653927090691 0.5225909948348999 42
1653927168737 0.45821329951286316 43
1653927246942 0.11698342859745026 44
1653927326248 0.4271845519542694 45
1653927404528 0.5395902395248413 46
1653927483036 0.033839233219623566 47
1653927561264 0.020020227879285812 48
1653927639585 0.27157044410705566 49
1653927717964 0.22518287599086761 50
1653927796500 0.10633958876132965 51
1653927874986 0.33290335536003113 52
1653927953434 0.26689016819000244 53
1653928032175 0.37756749987602234 54
1653928110425 0.06420217454433441 55
1653928188775 0.09013666212558746 56
1653928267077 0.008877293206751347 57
1653928345452 0.43620067834854126 58
1653928423718 0.033835966140031815 59
1653928503025 0.2188960611820221 60
1653928581393 0.12769295275211334 61
1653928659856 0.10141302645206451 62
1653928738306 0.04996827244758606 63
1653928816650 0.07872272282838821 64
1653928894894 0.3345375061035156 65
1653928973351 0.17755155265331268 66
1653929051647 0.3153832256793976 67
1653929129929 0.26066291332244873 68
1653929208107 0.11825331300497055 69
1653929286353 0.00530104897916317 70
1653929364848 0.05761440098285675 71
1653929443020 0.09199661016464233 72
1653929521236 0.2662045359611511 73
1653929599464 0.18544963002204895 74
1653929678758 0.12074659764766693 75
1653929757065 0.04155938699841499 76
1653929835527 0.019919753074645996 77
1653929914179 0.005797066260129213 78
1653929992465 0.09591154009103775 79
1653930071034 0.1595863401889801 80
1653930149530 0.002148278756067157 81
1653930227994 0.13929933309555054 82
1653930306505 0.06042959541082382 83
1653930384997 0.03798583149909973 84
1653930463304 0.36129894852638245 85
1653930541291 0.03812254220247269 86
1653930619626 0.4114634692668915 87
1653930697825 0.009786496870219707 88
1653930775985 0.03517495095729828 89
1653930855406 0.03917156532406807 90
1653930933801 0.01393128838390112 91
1653931012420 0.020079266279935837 92
1653931090948 0.036282729357481 93
1653931169518 0.18215367197990417 94
1653931247696 0.010746795684099197 95
1653931326243 0.12256219238042831 96
1653931405140 0.15098176896572113 97
1653931483278 0.03260057792067528 98
1653931561341 0.00241762213408947 99
1653931639464 0.008678659796714783 100
1653931717407 0.04972883686423302 101
1653931795594 0.28214484453201294 102
1653931873845 0.24142326414585114 103
1653931951856 0.3904218375682831 104
1653932030995 0.027741705998778343 105
1653932109579 0.017089884728193283 106
1653932188081 0.1689160019159317 107
1653932266572 0.015924924984574318 108
1653932344979 0.20538659393787384 109
1653932423120 0.01718437857925892 110
1653932501271 0.0731014609336853 111
1653932579590 0.031025731936097145 112
1653932657759 0.0039580147713422775 113
1653932736058 0.031234370544552803 114
1653932814163 0.20664547383785248 115
1653932892437 0.008441857062280178 116
1653932970798 0.09368486702442169 117
1653933048968 0.0411386713385582 118
1653933127089 0.034661006182432175 119
1653933206310 0.012231867760419846 120
1653933284715 0.026429910212755203 121
1653933363286 0.00909806415438652 122
1653933441678 0.01983063481748104 123
1653933520258 0.02227623388171196 124
1653933598840 0.19573675096035004 125
1653933677256 0.0075120627880096436 126
1653933755737 0.03217560797929764 127
1653933834087 0.0766223818063736 128
1653933912737 0.03575289994478226 129
1653933991085 0.02276255004107952 130
1653934071309 0.00470239482820034 131
1653934149966 0.011985677294433117 132
1653934228655 0.17218272387981415 133
1653934307099 0.0030177400913089514 134
1653934386734 0.08298860490322113 135
1653934465398 0.0729379653930664 136
1653934543932 0.00459657609462738 137
1653934622500 0.031508322805166245 138
1653934701147 0.09431400895118713 139
1653934779585 0.0004938869969919324 140
1653934857969 0.004722236655652523 141
1653934936392 0.18014231324195862 142
1653935014829 0.04195873439311981 143
1653935093036 0.11647748202085495 144
1653935171431 0.002234084066003561 145
1653935249973 0.005369230173528194 146
1653935328593 0.00843359436839819 147
1653935406983 0.025052238255739212 148
1653935485536 0.39654305577278137 149
1653935564937 0.07438930124044418 150
1653935643616 0.019543353468179703 151
1653935722079 0.011039506644010544 152
1653935800665 0.002925194101408124 153
1653935879096 0.10254596173763275 154
1653935957413 0.059659816324710846 155
1653936035678 0.009195287711918354 156
1653936114455 0.11338040977716446 157
1653936192675 0.017144987359642982 158
1653936270931 0.04728863760828972 159
1653936348917 0.041631750762462616 160
1653936427073 0.04122062027454376 161
1653936505268 0.005514824762940407 162
1653936583669 0.0003227696579415351 163
1653936664094 2.7674122975440696e-05 164
1653936750117 0.029978817328810692 165
1653936842220 0.20690052211284637 166
1653936935667 0.04754823446273804 167
1653937028530 0.005528866779059172 168
1653937121860 0.06945502758026123 169
1653937214058 0.005925278179347515 170
1653937307099 0.007340401876717806 171
1653937401224 0.006442606449127197 172
1653937494765 0.0021077333949506283 173
1653937590391 0.014578190632164478 174
1653937684491 0.017239008098840714 175
1653937777822 0.000920238671824336 176
1653937869619 0.0033536136616021395 177
1653937961706 0.24460235238075256 178
1653938054644 0.0001876316382549703 179
1653938148157 0.016238845884799957 180
1653938241656 0.0037344759330153465 181
1653938334486 0.022320957854390144 182
1653938428932 0.017345767468214035 183
1653938517019 0.014909864403307438 184
1653938608690 0.14999747276306152 185
1653938701975 0.0193882305175066 186
1653938794448 0.004322831053286791 187
1653938886621 0.04259415343403816 188
1653938977025 0.14961135387420654 189
1653939068790 0.00022220452956389636 190
1653939161745 0.004947662819176912 191
1653939254215 0.004850660916417837 192
1653939348382 0.3808017671108246 193
1653939439412 0.006266497075557709 194
1653939532937 0.02596135064959526 195
1653939624213 0.007218597456812859 196
1653939716938 0.0038856565952301025 197
1653939808531 0.0021367056760936975 198
1653939900465 0.030482489615678787 199
1653939992551 0.014316410757601261 200
1653940085226 0.06064866483211517 201
1653940176908 0.002224121941253543 202
1653940268320 0.014848748221993446 203
1653940359590 0.004230109974741936 204
1653940450653 0.08211975544691086 205
1653940541422 0.2773092985153198 206
1653940632923 0.00424623629078269 207
1653940726021 0.0030166355427354574 208
1653940817287 0.012752113863825798 209
1653940910005 0.009400376118719578 210
1653941001762 0.004625391680747271 211
1653941094432 0.06890924274921417 212
1653941184802 0.006509521044790745 213
1653941276222 0.002181048970669508 214
1653941366836 0.009042095392942429 215
1653941456610 0.00029403294320218265 216
1653941546861 0.006757703609764576 217
1653941637121 0.00288087478838861 218
1653941726248 0.0017979458207264543 219
1653941816224 0.005458335392177105 220
1653941906753 0.09853407740592957 221
1653941997376 0.0012581482296809554 222
1653942087684 0.00187309633474797 223
1653942178719 0.003606250509619713 224
1653942271711 0.0007543389219790697 225
1653942362378 0.01239807903766632 226
1653942453532 0.07645641267299652 227
1653942544971 0.01719607040286064 228
1653942637537 0.6022592782974243 229
1653942731204 0.005942106246948242 230
1653942822891 0.00020782950741704553 231
1653942913096 0.0399492010474205 232
1653943003864 0.028656449168920517 233
1653943094865 0.02011103741824627 234
1653943186616 0.02329571172595024 235
1653943281966 0.00263308547437191 236
1653943375889 0.006768030114471912 237
1653943467280 0.06826971471309662 238
1653943558195 0.012986181303858757 239
1653943649657 0.0042697349563241005 240
1653943741569 0.004377198871225119 241
1653943832530 0.021209776401519775 242
1653943922920 0.08997195214033127 243
1653944013485 0.0038471210282295942 244
1653944103450 0.0009331497130915523 245
1653944195273 0.009227827191352844 246
1653944285228 0.006214276887476444 247
1653944377280 0.0015216692117974162 248
1653944469011 0.040111612528562546 249
1653944558153 0.013919254764914513 250
1653944647892 0.0088497968390584 251
1653944737728 0.004433149006217718 252
1653944827411 0.01276998221874237 253
1653944917872 0.034946851432323456 254
1653945013474 0.005097611807286739 255
1653945106733 0.3416881263256073 256
1653945200797 0.0059948936104774475 257
1653945292001 0.005745957605540752 258
1653945381277 0.013205956667661667 259
1653945471284 0.014570620842278004 260
1653945562595 9.457703708903864e-05 261
1653945654448 0.006498527713119984 262
1653945748073 0.020990438759326935 263
1653945838860 0.0038435908500105143 264
1653945929472 0.03614586964249611 265
1653946020025 3.7639452784787863e-05 266
1653946110603 0.0013244964648038149 267
1653946201346 0.003458726918324828 268
1653946292711 0.00671016750857234 269
1653946384738 0.0024225576780736446 270
1653946475906 0.005193864926695824 271
1653946566918 0.0013368865475058556 272
1653946658033 0.025693314149975777 273
1653946749264 0.0003090103855356574 274
1653946840431 0.00032580309198237956 275
1653946931664 0.024974016472697258 276
1653947022904 0.006205833051353693 277
1653947113044 0.02388155087828636 278
1653947202986 0.005012571346014738 279
1653947292630 0.006442073732614517 280
1653947383588 0.002107105450704694 281
1653947473765 0.0006473286193795502 282
1653947565263 4.005566006526351e-05 283
1653947655998 0.0004929258720949292 284
1653947747713 0.001220694393850863 285
1653947838892 9.154756298812572e-06 286
1653947929088 5.960486504363871e-08 287
1653948021390 7.996614294825122e-05 288
1653948111701 2.1398011540441075e-06 289
1653948200354 7.450582373280668e-09 290
1653948279634 0.01278317254036665 291
1653948358403 0.0015042967861518264 292
1653948436920 0.09320754557847977 293
1653948515122 0.10240843892097473 294
1653948593402 0.01215420849621296 295
1653948671610 0.08204687386751175 296
1653948749821 0.002666509710252285 297
1653948827961 0.0166426170617342 298
1653948906014 0.1086919978260994 299
