1653923740560 3.0010015964508057 0
1653923826148 8.360389709472656 1
1653923911041 4.4798688888549805 2
1653923995567 3.8364241123199463 3
1653924080637 4.95991325378418 4
1653924162711 2.154141902923584 5
1653924243487 5.95506477355957 6
1653924324260 3.250246524810791 7
1653924405165 6.531142234802246 8
1653924486035 3.7135701179504395 9
1653924566970 5.324140548706055 10
1653924648139 3.014536142349243 11
1653924728806 5.150670051574707 12
1653924807394 5.403709411621094 13
1653924886084 4.082634925842285 14
1653924965528 4.3768110275268555 15
1653925044348 8.83762264251709 16
1653925122955 4.736649513244629 17
1653925201536 4.200462818145752 18
1653925280089 3.9518604278564453 19
1653925358745 4.280203819274902 20
1653925437110 4.90125846862793 21
1653925515906 5.066143989562988 22
1653925594420 5.041297435760498 23
1653925672883 4.329415321350098 24
1653925756041 6.386301040649414 25
1653925834690 4.387718677520752 26
1653925913225 6.092305660247803 27
1653925991819 7.081028461456299 28
1653926070260 3.7434959411621094 29
1653926150029 4.321639537811279 30
1653926228632 3.4144842624664307 31
1653926307458 3.522402763366699 32
1653926386076 5.292054176330566 33
1653926464411 5.644120216369629 34
1653926542725 4.312899589538574 35
1653926621181 1.1301058530807495 36
1653926700134 8.51939582824707 37
1653926778305 5.681570529937744 38
1653926856498 6.17239236831665 39
1653926934756 6.086030960083008 40
1653927012703 3.58236026763916 41
1653927090697 4.265675067901611 42
1653927168743 3.378004789352417 43
1653927246948 5.73790168762207 44
1653927326254 4.292331695556641 45
1653927404534 2.651381492614746 46
1653927483042 7.366373062133789 47
1653927561270 7.853070259094238 48
1653927639591 9.162775993347168 49
1653927717971 4.892395973205566 50
1653927796506 3.8908982276916504 51
1653927874992 4.277968406677246 52
1653927953441 3.942378520965576 53
1653928032182 3.822528600692749 54
1653928110431 4.681025505065918 55
1653928188780 12.41479206085205 56
1653928267083 6.677670001983643 57
1653928345458 3.5313045978546143 58
1653928423723 6.218160629272461 59
1653928503031 6.064452648162842 60
1653928581398 5.259196758270264 61
1653928659861 5.0828351974487305 62
1653928738314 5.005876064300537 63
1653928816655 7.378807067871094 64
1653928894900 4.158112049102783 65
1653928973358 4.594660758972168 66
1653929051653 3.8433427810668945 67
1653929129936 6.642580032348633 68
1653929208114 4.862748146057129 69
1653929286359 8.27999210357666 70
1653929364854 5.584030628204346 71
1653929443026 6.734981536865234 72
1653929521244 6.57027530670166 73
1653929599469 3.778032064437866 74
1653929678764 5.631983757019043 75
1653929757070 5.083049774169922 76
1653929835533 7.043898582458496 77
1653929914185 7.1832380294799805 78
1653929992471 6.833409786224365 79
1653930071041 5.075509071350098 80
1653930149535 7.770387172698975 81
1653930228001 4.341794013977051 82
1653930306511 4.9986162185668945 83
1653930385003 13.294989585876465 84
1653930463311 7.5428643226623535 85
1653930541298 5.916619300842285 86
1653930619632 5.867905616760254 87
1653930697830 6.44085168838501 88
1653930775992 4.631579399108887 89
1653930855412 5.993948459625244 90
1653930933808 6.189375877380371 91
1653931012428 7.134613990783691 92
1653931090955 5.090619087219238 93
1653931169525 13.100857734680176 94
1653931247702 8.87456226348877 95
1653931326250 5.868644714355469 96
1653931405145 6.020471572875977 97
1653931483284 5.551433086395264 98
1653931561347 11.57675552368164 99
1653931639471 7.1255598068237305 100
1653931717415 5.637138843536377 101
1653931795602 6.198177337646484 102
1653931873851 4.056136131286621 103
1653931951864 10.169900894165039 104
1653932031001 6.505688667297363 105
1653932109585 5.748095989227295 106
1653932188088 5.790019512176514 107
1653932266579 6.513378143310547 108
1653932344987 8.22703742980957 109
1653932423126 6.211519241333008 110
1653932501277 14.12089729309082 111
1653932579596 7.925236225128174 112
1653932657766 9.345796585083008 113
1653932736065 6.415462493896484 114
1653932814169 8.818801879882812 115
1653932892444 5.912304401397705 116
1653932970805 11.271657943725586 117
1653933048975 12.818602561950684 118
1653933127095 5.640763759613037 119
1653933206316 6.3674516677856445 120
1653933284722 7.6483283042907715 121
1653933363292 6.5000081062316895 122
1653933441686 5.818187713623047 123
1653933520264 5.501678943634033 124
1653933598847 3.9283642768859863 125
1653933677263 6.734736442565918 126
1653933755743 7.085258483886719 127
1653933834094 5.512574195861816 128
1653933912743 9.154417991638184 129
1653933991091 8.628511428833008 130
1653934071315 9.343463897705078 131
1653934149973 10.71507453918457 132
1653934228661 8.219974517822266 133
1653934307105 7.297814846038818 134
1653934386740 6.761418342590332 135
1653934465404 5.3907623291015625 136
1653934543940 7.220311641693115 137
1653934622508 11.875219345092773 138
1653934701154 5.26857328414917 139
1653934779591 10.07975959777832 140
1653934857976 9.392616271972656 141
1653934936398 6.410582065582275 142
1653935014835 8.93046760559082 143
1653935093042 8.134206771850586 144
1653935171437 11.61729907989502 145
1653935249980 11.239620208740234 146
1653935328599 14.087249755859375 147
1653935406989 5.941990852355957 148
1653935485541 4.060600280761719 149
1653935564944 6.270515441894531 150
1653935643622 17.696392059326172 151
1653935722085 5.003205299377441 152
1653935800671 7.383833885192871 153
1653935879102 7.596487045288086 154
1653935957420 5.531970024108887 155
1653936035684 6.313265800476074 156
1653936114461 12.198541641235352 157
1653936192681 6.719844818115234 158
1653936270937 7.497956275939941 159
1653936348924 5.079921722412109 160
1653936427080 6.3273210525512695 161
1653936505275 13.95681381225586 162
1653936583675 52.56172180175781 163
1653936664101 49.1845703125 164
1653936750126 10.397672653198242 165
1653936842229 9.943510055541992 166
1653936935678 9.870780944824219 167
1653937028539 6.794533729553223 168
1653937121870 8.291112899780273 169
1653937214067 11.780495643615723 170
1653937307108 6.767671585083008 171
1653937401232 7.474814414978027 172
1653937494775 9.633277893066406 173
1653937590400 5.712568759918213 174
1653937684503 6.037859916687012 175
1653937777830 9.912307739257812 176
1653937869627 7.943428993225098 177
1653937961714 4.61263370513916 178
1653938054651 10.380688667297363 179
1653938148167 8.95005989074707 180
1653938241665 7.029849052429199 181
1653938334495 6.824176788330078 182
1653938428942 5.9201741218566895 183
1653938517027 8.38660717010498 184
1653938608701 4.745473861694336 185
1653938701986 6.040200710296631 186
1653938794456 6.899252891540527 187
1653938886627 5.787867546081543 188
1653938977033 5.282415390014648 189
1653939068799 22.75775718688965 190
1653939161755 6.589605331420898 191
1653939254224 9.291471481323242 192
1653939348392 11.600080490112305 193
1653939439422 6.30381965637207 194
1653939532946 5.106841087341309 195
1653939624221 6.665531158447266 196
1653939716947 10.779488563537598 197
1653939808540 17.669435501098633 198
1653939900475 5.359530448913574 199
1653939992558 5.447267532348633 200
1653940085235 6.742148399353027 201
1653940176918 12.1568603515625 202
1653940268329 7.83532190322876 203
1653940359600 9.569612503051758 204
1653940450663 6.577285289764404 205
1653940541431 14.726678848266602 206
1653940632934 6.651637077331543 207
1653940726031 7.461477279663086 208
1653940817295 11.005769729614258 209
1653940910017 6.267452239990234 210
1653941001774 9.082645416259766 211
1653941094441 5.849483489990234 212
1653941184813 7.7129364013671875 213
1653941276231 8.099058151245117 214
1653941366842 5.647726535797119 215
1653941456619 16.668272018432617 216
1653941546872 6.205636978149414 217
1653941637130 7.230759620666504 218
1653941726257 8.213573455810547 219
1653941816231 7.7855024337768555 220
1653941906764 10.24728775024414 221
1653941997385 16.839719772338867 222
1653942087693 7.857809066772461 223
1653942178730 9.690362930297852 224
1653942271721 10.678322792053223 225
1653942362389 13.315185546875 226
1653942453543 4.785632133483887 227
1653942544981 11.91082763671875 228
1653942637546 10.253534317016602 229
1653942731213 7.058592796325684 230
1653942822899 11.428380966186523 231
1653942913107 10.078977584838867 232
1653943003873 6.693099498748779 233
1653943094873 11.323305130004883 234
1653943186627 6.078868389129639 235
1653943281975 18.422836303710938 236
1653943375898 10.655769348144531 237
1653943467291 20.855133056640625 238
1653943558207 7.364190101623535 239
1653943649668 7.433231830596924 240
1653943741580 8.144937515258789 241
1653943832539 7.323159694671631 242
1653943922928 6.995482921600342 243
1653944013496 8.87276840209961 244
1653944103461 13.279823303222656 245
1653944195284 10.159561157226562 246
1653944285237 6.746592044830322 247
1653944377289 11.739164352416992 248
1653944469021 12.14598560333252 249
1653944558163 7.842532157897949 250
1653944647903 7.135117530822754 251
1653944737737 9.883625984191895 252
1653944827421 5.839167594909668 253
1653944917882 9.204349517822266 254
1653945013484 20.203140258789062 255
1653945106743 12.496001243591309 256
1653945200808 10.99864387512207 257
1653945292011 6.51463508605957 258
1653945381286 8.970450401306152 259
1653945471292 15.944644927978516 260
1653945562603 13.194938659667969 261
1653945654458 6.567045211791992 262
1653945748082 6.057379722595215 263
1653945838869 6.996048927307129 264
1653945929483 8.490568161010742 265
1653946020035 16.758243560791016 266
1653946110610 8.619983673095703 267
1653946201355 15.535024642944336 268
1653946292719 16.22672462463379 269
1653946384747 7.611123085021973 270
1653946475919 6.4530534744262695 271
1653946566926 10.912212371826172 272
1653946658042 9.463033676147461 273
1653946749274 10.810523986816406 274
1653946840441 11.145501136779785 275
1653946931672 11.81715202331543 276
1653947022913 12.067631721496582 277
1653947113053 6.319445610046387 278
1653947202997 14.127799034118652 279
1653947292640 7.575521945953369 280
1653947383600 8.504518508911133 281
1653947473776 9.712593078613281 282
1653947565274 35.648597717285156 283
1653947656008 53.9200553894043 284
1653947747723 71.06600189208984 285
1653947838902 36.12078857421875 286
1653947929097 58.559654235839844 287
1653948021401 52.790794372558594 288
1653948111710 62.863433837890625 289
1653948200361 59.62791442871094 290
1653948279642 6.591855525970459 291
1653948358410 8.2416410446167 292
1653948436927 7.169585227966309 293
1653948515129 8.795047760009766 294
1653948593408 7.365156173706055 295
1653948671617 8.242685317993164 296
1653948749828 7.77278995513916 297
1653948827971 6.156003952026367 298
1653948906021 11.84547233581543 299
