1653923740548 4.568001747131348 0
1653923826141 11.287680625915527 1
1653923911032 6.115808010101318 2
1653923995559 6.532684326171875 3
1653924080625 9.867561340332031 4
1653924162701 4.110010623931885 5
1653924243478 7.875478267669678 6
1653924324252 6.4796648025512695 7
1653924405156 8.71055793762207 8
1653924486026 5.5423126220703125 9
1653924566961 8.065884590148926 10
1653924648129 4.463722229003906 11
1653924728798 7.4622650146484375 12
1653924807384 6.661585807800293 13
1653924886077 5.9642839431762695 14
1653924965521 6.195515155792236 15
1653925044339 10.229848861694336 16
1653925122943 6.799736022949219 17
1653925201528 6.0890045166015625 18
1653925280077 5.584402084350586 19
1653925358733 27.959095001220703 20
1653925437101 6.54053258895874 21
1653925515898 6.661645889282227 22
1653925594412 7.009554862976074 23
1653925672874 6.018917083740234 24
1653925756033 7.887913703918457 25
1653925834680 6.251485824584961 26
1653925913215 7.93317174911499 27
1653925991809 9.095684051513672 28
1653926070251 5.348414421081543 29
1653926150020 5.612739562988281 30
1653926228623 5.388042449951172 31
1653926307448 5.5324859619140625 32
1653926386068 7.408554553985596 33
1653926464402 7.172595500946045 34
1653926542714 7.231325626373291 35
1653926621172 2.8521580696105957 36
1653926700124 9.672404289245605 37
1653926778296 8.228185653686523 38
1653926856489 8.21669864654541 39
1653926934747 8.378643989562988 40
1653927012694 5.052491664886475 41
1653927090688 5.5821685791015625 42
1653927168734 5.438101291656494 43
1653927246938 7.031552791595459 44
1653927326245 6.004150867462158 45
1653927404525 3.867805242538452 46
1653927483033 10.494831085205078 47
1653927561261 9.10545825958252 48
1653927639583 11.182621955871582 49
1653927717960 7.141321659088135 50
1653927796497 5.433309555053711 51
1653927874983 5.653184413909912 52
1653927953431 5.664280891418457 53
1653928032172 4.96318244934082 54
1653928110421 6.210845947265625 55
1653928188772 14.734227180480957 56
1653928267074 8.147503852844238 57
1653928345449 5.915373802185059 58
1653928423714 8.192217826843262 59
1653928503021 7.438681602478027 60
1653928581389 6.578141689300537 61
1653928659852 6.888956069946289 62
1653928738302 6.904141902923584 63
1653928816647 9.01392936706543 64
1653928894891 5.968105792999268 65
1653928973347 6.324345111846924 66
1653929051644 5.43720817565918 67
1653929129925 8.069686889648438 68
1653929208103 6.366910934448242 69
1653929286350 9.453224182128906 70
1653929364845 7.427524566650391 71
1653929443016 9.161495208740234 72
1653929521232 11.091329574584961 73
1653929599461 5.160248756408691 74
1653929678754 7.208659648895264 75
1653929757062 6.686648368835449 76
1653929835524 8.5809965133667 77
1653929914175 10.636886596679688 78
1653929992462 8.877830505371094 79
1653930071031 6.90224027633667 80
1653930149526 12.121152877807617 81
1653930227991 6.1739983558654785 82
1653930306502 7.271566390991211 83
1653930384994 15.218414306640625 84
1653930463300 11.033587455749512 85
1653930541287 7.3315582275390625 86
1653930619622 7.47145938873291 87
1653930697822 7.969573974609375 88
1653930775982 7.560398578643799 89
1653930855403 7.990495204925537 90
1653930933798 8.203827857971191 91
1653931012417 12.134349822998047 92
1653931090945 10.14183235168457 93
1653931169515 15.255770683288574 94
1653931247692 10.86981201171875 95
1653931326240 8.45974349975586 96
1653931405136 8.83512020111084 97
1653931483274 7.4266228675842285 98
1653931561337 13.010263442993164 99
1653931639461 8.462902069091797 100
1653931717404 7.515275001525879 101
1653931795590 7.479970932006836 102
1653931873842 5.712344169616699 103
1653931951852 11.882048606872559 104
1653932030990 10.076154708862305 105
1653932109575 7.023721694946289 106
1653932188077 7.816034317016602 107
1653932266569 7.982719898223877 108
1653932344975 9.921239852905273 109
1653932423115 7.4967145919799805 110
1653932501268 15.21268081665039 111
1653932579586 9.313105583190918 112
1653932657755 13.461843490600586 113
1653932736054 8.157093048095703 114
1653932814158 10.193828582763672 115
1653932892434 8.734272956848145 116
1653932970794 13.517400741577148 117
1653933048964 15.056880950927734 118
1653933127085 6.99893856048584 119
1653933206306 7.922077178955078 120
1653933284711 9.33062744140625 121
1653933363282 8.82081413269043 122
1653933441675 7.327364921569824 123
1653933520254 10.946945190429688 124
1653933598836 5.759271621704102 125
1653933677253 8.286765098571777 126
1653933755733 9.067626953125 127
1653933834083 7.274174213409424 128
1653933912733 15.419744491577148 129
1653933991082 9.851882934570312 130
1653934071305 12.992635726928711 131
1653934149962 12.01220703125 132
1653934228652 9.936605453491211 133
1653934307095 9.854072570800781 134
1653934386730 8.79745101928711 135
1653934465394 7.071577072143555 136
1653934543928 8.914851188659668 137
1653934622497 14.879624366760254 138
1653934701143 7.222574234008789 139
1653934779581 16.51092529296875 140
1653934857965 12.005352973937988 141
1653934936389 7.716024398803711 142
1653935014825 10.004587173461914 143
1653935093033 11.240004539489746 144
1653935171428 12.918147087097168 145
1653935249969 12.768592834472656 146
1653935328589 16.816789627075195 147
1653935406980 6.975229263305664 148
1653935485532 6.43818473815918 149
1653935564934 7.900530815124512 150
1653935643613 19.73100471496582 151
1653935722076 6.548078536987305 152
1653935800662 8.582587242126465 153
1653935879093 9.14358139038086 154
1653935957409 6.910555362701416 155
1653936035674 8.072532653808594 156
1653936114451 13.631940841674805 157
1653936192671 8.732522964477539 158
1653936270928 9.409398078918457 159
1653936348913 6.402597904205322 160
1653936427069 8.899293899536133 161
1653936505265 21.13300132751465 162
1653936583666 57.05161666870117 163
1653936664091 52.561588287353516 164
1653936750111 12.317713737487793 165
1653936842215 15.096099853515625 166
1653936935663 12.621806144714355 167
1653937028525 8.447123527526855 168
1653937121854 9.699808120727539 169
1653937214053 13.473745346069336 170
1653937307094 7.679542541503906 171
1653937401217 9.452425956726074 172
1653937494759 10.991276741027832 173
1653937590387 8.119318008422852 174
1653937684487 7.835206985473633 175
1653937777817 11.33820629119873 176
1653937869615 11.250870704650879 177
1653937961700 6.49688720703125 178
1653938054640 16.53923797607422 179
1653938148152 12.242241859436035 180
1653938241652 11.96621322631836 181
1653938334482 8.361820220947266 182
1653938428928 7.76385498046875 183
1653938517016 14.319684982299805 184
1653938608685 6.061169624328613 185
1653938701971 11.064019203186035 186
1653938794443 9.114506721496582 187
1653938886614 8.056652069091797 188
1653938977020 7.26404333114624 189
1653939068785 23.852649688720703 190
1653939161740 9.745333671569824 191
1653939254209 11.567371368408203 192
1653939348377 13.315947532653809 193
1653939439407 7.962979316711426 194
1653939532933 7.460000991821289 195
1653939624209 8.655654907226562 196
1653939716934 12.554520606994629 197
1653939808526 19.818233489990234 198
1653939900460 6.764644622802734 199
1653939992547 6.6532816886901855 200
1653940085222 8.422886848449707 201
1653940176903 13.891575813293457 202
1653940268315 9.351630210876465 203
1653940359584 10.81431770324707 204
1653940450647 8.139178276062012 205
1653940541417 16.056947708129883 206
1653940632918 12.232540130615234 207
1653940726017 9.348628997802734 208
1653940817283 12.153441429138184 209
1653940910001 8.649185180664062 210
1653941001757 10.83889389038086 211
1653941094427 7.47707986831665 212
1653941184796 9.305870056152344 213
1653941276216 10.675798416137695 214
1653941366832 7.415815830230713 215
1653941456605 19.023221969604492 216
1653941546856 7.713078498840332 217
1653941637117 11.707977294921875 218
1653941726242 9.951859474182129 219
1653941816219 8.8157958984375 220
1653941906748 12.168035507202148 221
1653941997371 18.598918914794922 222
1653942087677 9.350103378295898 223
1653942178714 10.909586906433105 224
1653942271707 11.817978858947754 225
1653942362374 14.417141914367676 226
1653942453527 6.970130920410156 227
1653942544966 14.428001403808594 228
1653942637533 11.961987495422363 229
1653942731199 8.44239330291748 230
1653942822886 12.745173454284668 231
1653942913091 11.244351387023926 232
1653943003859 10.012495040893555 233
1653943094861 13.669626235961914 234
1653943186611 7.4745097160339355 235
1653943281961 23.91199493408203 236
1653943375885 12.258710861206055 237
1653943467275 23.104341506958008 238
1653943558190 9.255372047424316 239
1653943649652 9.044328689575195 240
1653943741565 9.311203002929688 241
1653943832526 9.597092628479004 242
1653943922915 9.344765663146973 243
1653944013481 10.378841400146484 244
1653944103445 15.28593635559082 245
1653944195269 11.516956329345703 246
1653944285222 8.585281372070312 247
1653944377274 13.31786823272705 248
1653944469007 14.632841110229492 249
1653944558148 9.899781227111816 250
1653944647887 10.005006790161133 251
1653944737724 12.74808406829834 252
1653944827405 7.259792327880859 253
1653944917868 13.004703521728516 254
1653945013469 22.023136138916016 255
1653945106727 14.590176582336426 256
1653945200792 12.464970588684082 257
1653945291997 10.899412155151367 258
1653945381273 10.153266906738281 259
1653945471280 20.71334457397461 260
1653945562591 15.689207077026367 261
1653945654442 7.967905521392822 262
1653945748068 8.736626625061035 263
1653945838855 10.720601081848145 264
1653945929467 9.83475399017334 265
1653946020020 18.20903968811035 266
1653946110599 11.255950927734375 267
1653946201342 16.908323287963867 268
1653946292707 21.970643997192383 269
1653946384733 9.084854125976562 270
1653946475901 8.956001281738281 271
1653946566913 12.836174964904785 272
1653946658028 10.875266075134277 273
1653946749260 12.298429489135742 274
1653946840427 15.55378532409668 275
1653946931659 13.884415626525879 276
1653947022900 18.255876541137695 277
1653947113038 8.941457748413086 278
1653947202981 21.33657455444336 279
1653947292624 11.467388153076172 280
1653947383582 11.561450958251953 281
1653947473759 11.301383018493652 282
1653947565258 39.90800857543945 283
1653947655993 57.02818298339844 284
1653947747708 75.59098052978516 285
1653947838886 40.89932632446289 286
1653947929084 63.47066879272461 287
1653948021386 55.03927230834961 288
1653948111697 65.07369995117188 289
1653948200349 61.196388244628906 290
1653948279629 8.23381519317627 291
1653948358399 10.34582805633545 292
1653948436916 8.736824989318848 293
1653948515118 11.189570426940918 294
1653948593398 8.906519889831543 295
1653948671606 11.359491348266602 296
1653948749817 10.300548553466797 297
1653948827956 8.138731002807617 298
1653948906011 13.86086654663086 299
