1653923740557 0.01567000336945057 0
1653923826145 0.029272906482219696 1
1653923911038 0.016359392553567886 2
1653923995565 0.026962600648403168 3
1653924080633 0.04907648265361786 4
1653924162708 0.019558686763048172 5
1653924243484 0.01920413412153721 6
1653924324257 0.03229418396949768 7
1653924405162 0.0217941515147686 8
1653924486033 0.018287423998117447 9
1653924566967 0.027417443692684174 10
1653924648136 0.014491857960820198 11
1653924728803 0.02311594784259796 12
1653924807390 0.012578766793012619 13
1653924886082 0.018816489726305008 14
1653924965526 0.018187040463089943 15
1653925044346 0.01392226479947567 16
1653925122951 0.020630864426493645 17
1653925201534 0.01888541504740715 18
1653925280086 0.016325416043400764 19
1653925358742 0.23678892850875854 20
1653925437108 0.016392741352319717 21
1653925515904 0.015955016016960144 22
1653925594417 0.019682571291923523 23
1653925672880 0.01689501479268074 24
1653925756038 0.015016124583780766 25
1653925834687 0.018637672066688538 26
1653925913222 0.01840866170823574 27
1653925991816 0.020146559923887253 28
1653926070257 0.016049183905124664 29
1653926150027 0.012911003082990646 30
1653926228629 0.019735580310225487 31
1653926307455 0.020100830122828484 32
1653926386073 0.02116500400006771 33
1653926464407 0.01528475433588028 34
1653926542721 0.029184261336922646 35
1653926621178 0.017220523208379745 36
1653926700130 0.011530082672834396 37
1653926778302 0.02546614594757557 38
1653926856495 0.020443063229322433 39
1653926934753 0.022926131263375282 40
1653927012700 0.014701314270496368 41
1653927090694 0.013164934702217579 42
1653927168740 0.02060096524655819 43
1653927246945 0.012936512008309364 44
1653927326251 0.017118193209171295 45
1653927404531 0.012164236977696419 46
1653927483039 0.03128458559513092 47
1653927561267 0.012523878365755081 48
1653927639588 0.020198456943035126 49
1653927717967 0.022489257156848907 50
1653927796504 0.015424110926687717 51
1653927874989 0.013752158731222153 52
1653927953438 0.017219025641679764 53
1653928032178 0.01140653621405363 54
1653928110428 0.015298203565180302 55
1653928188777 0.02319435402750969 56
1653928267080 0.014698339626193047 57
1653928345455 0.02384069561958313 58
1653928423720 0.019740570336580276 59
1653928503028 0.013742288574576378 60
1653928581395 0.013189449906349182 61
1653928659859 0.018061205744743347 62
1653928738310 0.0189826600253582 63
1653928816653 0.01635122299194336 64
1653928894897 0.018099935725331306 65
1653928973355 0.017296843230724335 66
1653929051650 0.0159386545419693 67
1653929129932 0.014271071180701256 68
1653929208110 0.015041626058518887 69
1653929286356 0.011732318438589573 70
1653929364851 0.01843494176864624 71
1653929443023 0.02426513284444809 72
1653929521240 0.04521054029464722 73
1653929599467 0.013822168111801147 74
1653929678760 0.01576675847172737 75
1653929757067 0.016035987064242363 76
1653929835530 0.015370982699096203 77
1653929914182 0.03453648090362549 78
1653929992468 0.020444201305508614 79
1653930071038 0.01826731115579605 80
1653930149533 0.0435076504945755 81
1653930227998 0.018322044983506203 82
1653930306508 0.022729499265551567 83
1653930385000 0.019234247505664825 84
1653930463308 0.034907229244709015 85
1653930541294 0.014149387367069721 86
1653930619629 0.0160355381667614 87
1653930697828 0.015287225134670734 88
1653930775988 0.029288191348314285 89
1653930855409 0.019965466111898422 90
1653930933804 0.020144520327448845 91
1653931012424 0.04999735206365585 92
1653931090953 0.050512127578258514 93
1653931169522 0.021549126133322716 94
1653931247699 0.019952502101659775 95
1653931326247 0.025910988450050354 96
1653931405143 0.02814648672938347 97
1653931483281 0.018751898780465126 98
1653931561344 0.014335082843899727 99
1653931639468 0.01337341871112585 100
1653931717411 0.018781360238790512 101
1653931795598 0.012817936949431896 102
1653931873848 0.0165620818734169 103
1653931951860 0.01712147518992424 104
1653932030998 0.035704657435417175 105
1653932109582 0.012756257317960262 106
1653932188084 0.020260151475667953 107
1653932266575 0.014693418517708778 108
1653932344983 0.016942020505666733 109
1653932423123 0.012851955369114876 110
1653932501274 0.01091783493757248 111
1653932579593 0.01387869194149971 112
1653932657762 0.041160471737384796 113
1653932736061 0.017416302114725113 114
1653932814166 0.013750264421105385 115
1653932892441 0.028219688683748245 116
1653932970802 0.022457432001829147 117
1653933048971 0.022382786497473717 118
1653933127092 0.013581747189164162 119
1653933206313 0.015546255744993687 120
1653933284719 0.016822990030050278 121
1653933363289 0.02320806309580803 122
1653933441682 0.015091771259903908 123
1653933520261 0.05445266142487526 124
1653933598843 0.018309075385332108 125
1653933677259 0.015520289540290833 126
1653933755740 0.01982368528842926 127
1653933834090 0.017616000026464462 128
1653933912740 0.06265325844287872 129
1653933991088 0.012233709916472435 130
1653934071312 0.036491718143224716 131
1653934149969 0.012971322983503342 132
1653934228659 0.01716630905866623 133
1653934307102 0.025562573224306107 134
1653934386737 0.020360320806503296 135
1653934465401 0.016808148473501205 136
1653934543936 0.01694539189338684 137
1653934622504 0.03004404902458191 138
1653934701150 0.019540008157491684 139
1653934779588 0.0643116682767868 140
1653934857973 0.026127366349101067 141
1653934936395 0.013054423965513706 142
1653935014832 0.010741200298070908 143
1653935093039 0.03105797991156578 144
1653935171434 0.0130084790289402 145
1653935249977 0.015289725735783577 146
1653935328596 0.02729540318250656 147
1653935406986 0.010332383215427399 148
1653935485538 0.023775845766067505 149
1653935564940 0.016300151124596596 150
1653935643619 0.020346123725175858 151
1653935722082 0.015448730438947678 152
1653935800668 0.011987535282969475 153
1653935879099 0.015470944344997406 154
1653935957417 0.013785852119326591 155
1653936035681 0.017592668533325195 156
1653936114458 0.014333993196487427 157
1653936192677 0.020126786082983017 158
1653936270934 0.0191144198179245 159
1653936348920 0.013226761482656002 160
1653936427076 0.025719724595546722 161
1653936505272 0.07176187634468079 162
1653936583672 0.04489894211292267 163
1653936664098 0.03377018868923187 164
1653936750121 0.019200406968593597 165
1653936842225 0.05152589827775955 166
1653936935672 0.027510253712534904 167
1653937028535 0.01652590185403824 168
1653937121865 0.0140869515016675 169
1653937214063 0.016932498663663864 170
1653937307103 0.009118707850575447 171
1653937401228 0.0197761170566082 172
1653937494770 0.013579992577433586 173
1653937590396 0.02406749688088894 174
1653937684495 0.01797347143292427 175
1653937777825 0.014258988201618195 176
1653937869623 0.03307441994547844 177
1653937961710 0.018842533230781555 178
1653938054648 0.06158548220992088 179
1653938148162 0.032921820878982544 180
1653938241660 0.0493636354804039 181
1653938334491 0.015376436524093151 182
1653938428937 0.01843680813908577 183
1653938517023 0.0593307763338089 184
1653938608696 0.013156959787011147 185
1653938701981 0.05023818463087082 186
1653938794452 0.02215253747999668 187
1653938886624 0.022687839344143867 188
1653938977029 0.019816279411315918 189
1653939068794 0.01094893179833889 190
1653939161750 0.03155728057026863 191
1653939254219 0.022759001702070236 192
1653939348387 0.017158672213554382 193
1653939439417 0.016591599211096764 194
1653939532941 0.02353159710764885 195
1653939624217 0.019901234656572342 196
1653939716943 0.017750319093465805 197
1653939808536 0.021487975493073463 198
1653939900469 0.014051143079996109 199
1653939992555 0.012060143053531647 200
1653940085231 0.016807381063699722 201
1653940176913 0.017347153276205063 202
1653940268325 0.015163086354732513 203
1653940359595 0.012447047978639603 204
1653940450657 0.01561893243342638 205
1653940541427 0.013302681967616081 206
1653940632928 0.05580902472138405 207
1653940726026 0.018871519714593887 208
1653940817291 0.01147671788930893 209
1653940910011 0.023817334324121475 210
1653941001767 0.017562486231327057 211
1653941094436 0.016275962814688683 212
1653941184807 0.015929341316223145 213
1653941276227 0.025767400860786438 214
1653941366839 0.01768089272081852 215
1653941456614 0.02354949526488781 216
1653941546867 0.015074416995048523 217
1653941637125 0.044772177934646606 218
1653941726252 0.01738285832107067 219
1653941816228 0.010302931070327759 220
1653941906759 0.019207477569580078 221
1653941997381 0.017591986805200577 222
1653942087688 0.014922942966222763 223
1653942178725 0.012192238122224808 224
1653942271716 0.011396558955311775 225
1653942362383 0.011019564233720303 226
1653942453537 0.02184498868882656 227
1653942544975 0.025171738117933273 228
1653942637541 0.017084529623389244 229
1653942731208 0.013838008977472782 230
1653942822895 0.01316792517900467 231
1653942913102 0.011653739959001541 232
1653943003869 0.033193957060575485 233
1653943094869 0.023463213816285133 234
1653943186621 0.01395641453564167 235
1653943281970 0.05489157885313034 236
1653943375894 0.016029413789510727 237
1653943467285 0.022492090240120888 238
1653943558201 0.01891181990504265 239
1653943649662 0.016110971570014954 240
1653943741574 0.011662657372653484 241
1653943832534 0.02273932844400406 242
1653943922924 0.023492824286222458 243
1653944013490 0.015060734935104847 244
1653944103455 0.020061131566762924 245
1653944195278 0.01357395388185978 246
1653944285232 0.01838689111173153 247
1653944377285 0.015787042677402496 248
1653944469016 0.024868549779057503 249
1653944558158 0.020572487264871597 250
1653944647898 0.028698889538645744 251
1653944737732 0.028644580394029617 252
1653944827416 0.01420624740421772 253
1653944917876 0.03800354152917862 254
1653945013478 0.018199967220425606 255
1653945106737 0.020941752940416336 256
1653945200803 0.014663267880678177 257
1653945292006 0.04384776949882507 258
1653945381282 0.011828170157968998 259
1653945471289 0.04768700525164604 260
1653945562599 0.024942684918642044 261
1653945654453 0.014008602127432823 262
1653945748078 0.02679247222840786 263
1653945838864 0.03724552318453789 264
1653945929478 0.013441856950521469 265
1653946020030 0.014507953077554703 266
1653946110606 0.02635967545211315 267
1653946201351 0.01373299490660429 268
1653946292715 0.05743919312953949 269
1653946384742 0.014737315475940704 270
1653946475913 0.025029482319951057 271
1653946566922 0.019239624962210655 272
1653946658037 0.014122327789664268 273
1653946749269 0.014879053458571434 274
1653946840436 0.04408283531665802 275
1653946931668 0.020672637969255447 276
1653947022908 0.061882443726062775 277
1653947113048 0.02622012048959732 278
1653947202992 0.07208775728940964 279
1653947292635 0.038918666541576385 280
1653947383594 0.030569327995181084 281
1653947473770 0.015887903049588203 282
1653947565268 0.04259411618113518 283
1653947656004 0.031081294640898705 284
1653947747717 0.045249760150909424 285
1653947838897 0.04778539389371872 286
1653947929092 0.049110136926174164 287
1653948021395 0.022484775632619858 288
1653948111705 0.02210269123315811 289
1653948200357 0.015684757381677628 290
1653948279638 0.01641959697008133 291
1653948358406 0.0210418701171875 292
1653948436923 0.01567239686846733 293
1653948515125 0.02394522726535797 294
1653948593405 0.015413640066981316 295
1653948671613 0.03116806410253048 296
1653948749824 0.025277582928538322 297
1653948827966 0.019827265292406082 298
1653948906017 0.020153947174549103 299
