1653821245170 1.6756891012191772 0
1653821326947 1.2037584781646729 1
1653821407674 0.6581423282623291 2
1653821488637 1.2535444498062134 3
1653821567693 1.0765438079833984 4
1653821646040 0.7660979628562927 5
1653821724296 1.5866549015045166 6
1653821802755 1.1760473251342773 7
1653821881073 0.5487807989120483 8
1653821959234 1.5026252269744873 9
1653822037550 1.3082125186920166 10
1653822115897 0.871531069278717 11
1653822194255 0.49256759881973267 12
1653822272568 0.5442510843276978 13
1653822350818 0.5652679204940796 14
1653822429727 0.48485177755355835 15
1653822508790 0.8402029275894165 16
1653822586950 0.9844993352890015 17
1653822665443 1.2906099557876587 18
1653822743663 0.6926724910736084 19
1653822821856 0.1734003722667694 20
1653822900055 0.5444749593734741 21
1653822978366 1.459184169769287 22
1653823056672 0.13673438131809235 23
1653823135102 0.48235729336738586 24
1653823213345 0.8352779150009155 25
1653823291572 0.6244717836380005 26
1653823369732 0.13868476450443268 27
1653823447941 0.19752994179725647 28
1653823526147 0.664152979850769 29
1653823605221 0.9790305495262146 30
1653823683549 0.053836382925510406 31
1653823761871 0.29359734058380127 32
1653823840225 0.593519926071167 33
1653823918909 0.2588746249675751 34
1653823997522 0.34304335713386536 35
1653824076080 1.0453495979309082 36
1653824155160 0.8910274505615234 37
1653824233669 0.41328394412994385 38
1653824312465 0.2943665683269501 39
1653824391051 0.23829002678394318 40
1653824469533 0.08614582568407059 41
1653824548130 1.1427781581878662 42
1653824626807 0.028387973085045815 43
1653824705270 0.21602509915828705 44
1653824784724 0.6390567421913147 45
1653824863357 0.976006805896759 46
1653824942010 0.1568298637866974 47
1653825020551 0.08206988871097565 48
1653825099076 0.4036238193511963 49
1653825177707 0.4011352062225342 50
1653825256207 0.06211680918931961 51
1653825334922 0.0487075112760067 52
1653825413547 0.055076874792575836 53
1653825492227 0.42349281907081604 54
1653825570747 0.13070933520793915 55
1653825649337 0.2507307231426239 56
1653825727927 0.1245298907160759 57
1653825806540 0.13648897409439087 58
1653825885021 0.3856411278247833 59
1653825964279 0.2282707840204239 60
1653826042920 0.020605389028787613 61
1653826121372 0.09747163206338882 62
1653826200116 0.06804800778627396 63
1653826278620 0.7539398074150085 64
1653826356998 0.1558796465396881 65
1653826435631 0.05586284399032593 66
1653826514158 0.046294573694467545 67
1653826592668 0.031239908188581467 68
1653826671413 0.07451445609331131 69
1653826750074 0.029727574437856674 70
1653826828708 0.26841017603874207 71
1653826907441 0.4475294053554535 72
1653826986012 0.2533235251903534 73
1653827064621 0.13452298939228058 74
1653827144088 0.056010715663433075 75
1653827222585 0.21515154838562012 76
1653827301086 0.3865692615509033 77
1653827379619 0.2680458724498749 78
1653827458144 0.053836639970541 79
1653827536768 0.3065907061100006 80
1653827615385 0.06486257165670395 81
1653827694049 0.5239166021347046 82
1653827772586 0.2634197473526001 83
1653827851352 0.21566735208034515 84
1653827930170 0.023177653551101685 85
1653828008896 0.26825445890426636 86
1653828087427 0.04077586904168129 87
1653828165975 0.0718601644039154 88
1653828244605 0.09639367461204529 89
1653828323915 0.053161539137363434 90
1653828402386 0.051581673324108124 91
1653828481036 0.05830371379852295 92
1653828559654 0.15593528747558594 93
1653828638027 0.09762374311685562 94
1653828716671 0.03133181110024452 95
1653828795314 0.15206630527973175 96
1653828874401 0.13026581704616547 97
1653828952949 0.19134750962257385 98
1653829031840 0.011312680318951607 99
1653829110546 0.14960989356040955 100
1653829189171 0.09053225815296173 101
1653829267658 0.09206786006689072 102
1653829346166 0.02064267173409462 103
1653829424725 0.04908754676580429 104
1653829504093 0.7163345813751221 105
1653829582793 0.011578102596104145 106
1653829661456 0.0485864132642746 107
1653829739925 0.050571635365486145 108
1653829818562 0.2255762219429016 109
1653829897259 0.29763466119766235 110
1653829975814 0.1389370560646057 111
1653830054367 0.18715707957744598 112
1653830132998 0.05940872058272362 113
1653830211644 1.6258505582809448 114
1653830290421 0.014270951971411705 115
1653830368830 0.013354815542697906 116
1653830447422 0.01102161779999733 117
1653830526035 0.05219915881752968 118
1653830604703 0.03379586711525917 119
1653830683811 0.2036304771900177 120
1653830762428 0.21712519228458405 121
1653830840872 0.03018980287015438 122
1653830919601 0.01790596917271614 123
1653830998312 0.16122505068778992 124
1653831077035 0.0342743955552578 125
1653831155493 0.05458684638142586 126
1653831234015 0.022588931024074554 127
1653831312560 0.17943431437015533 128
1653831391061 0.14377601444721222 129
1653831469819 0.09730618447065353 130
1653831548303 0.3310202956199646 131
1653831626862 0.2921435236930847 132
1653831705495 0.0214482881128788 133
1653831784092 0.048027973622083664 134
1653831863253 0.06315448880195618 135
1653831941699 0.031141914427280426 136
1653832020449 0.047194622457027435 137
1653832099124 0.28436848521232605 138
1653832177619 0.35089150071144104 139
1653832256228 0.05764181166887283 140
1653832334598 0.06950746476650238 141
1653832413168 0.0631524845957756 142
1653832491730 0.024439703673124313 143
1653832570309 0.48558998107910156 144
1653832648816 0.3082960546016693 145
1653832727367 0.07799001783132553 146
1653832805906 0.045824144035577774 147
1653832884467 0.007878080941736698 148
1653832963161 0.09470948576927185 149
1653833042402 0.4924323856830597 150
1653833120962 0.602179765701294 151
1653833199550 0.32089540362358093 152
1653833278230 0.12726065516471863 153
1653833356911 0.019037220627069473 154
1653833435372 0.053701236844062805 155
1653833514019 0.05499179661273956 156
1653833592867 0.028412744402885437 157
1653833671434 0.10090616345405579 158
1653833749975 0.1421346813440323 159
1653833828539 0.05309627577662468 160
1653833907153 0.03687004745006561 161
1653833985760 0.015214517712593079 162
1653834064371 0.48007839918136597 163
1653834142891 0.049561962485313416 164
1653834222181 0.03479186072945595 165
1653834300884 0.1964002102613449 166
1653834379430 0.027992697432637215 167
1653834457914 0.08573554456233978 168
1653834536562 0.12332552671432495 169
1653834615489 0.08535058796405792 170
1653834694126 0.04473811015486717 171
1653834772609 0.019724639132618904 172
1653834851099 0.06087224930524826 173
1653834929501 0.017599860206246376 174
1653835008067 0.1435311883687973 175
1653835086819 0.023871541023254395 176
1653835165380 0.024077048525214195 177
1653835243970 0.035339877009391785 178
1653835322504 0.01774531416594982 179
1653835402093 0.03277764469385147 180
1653835480471 0.018217338249087334 181
1653835559015 0.032354265451431274 182
1653835637586 0.0009160665795207024 183
1653835716217 0.04430760443210602 184
1653835794783 0.07109486311674118 185
1653835873312 0.01713680475950241 186
1653835951950 0.051157526671886444 187
1653836030613 0.4237046539783478 188
1653836109200 0.06597781181335449 189
1653836187896 0.04371179640293121 190
1653836266451 0.0114739453420043 191
1653836345026 0.09263844788074493 192
1653836424686 0.0803472101688385 193
1653836504030 0.20207038521766663 194
1653836583576 0.03157158941030502 195
1653836662383 0.04808744415640831 196
1653836741335 0.30292657017707825 197
1653836820200 0.04646730422973633 198
1653836901051 0.018490158021450043 199
1653836990465 0.01606173627078533 200
1653837083953 0.0737459659576416 201
1653837177570 0.019420422613620758 202
1653837272656 0.06412790715694427 203
1653837367412 0.38417184352874756 204
1653837460767 0.024106329306960106 205
1653837554841 0.12226314097642899 206
1653837648182 0.020984992384910583 207
1653837741915 0.008832394145429134 208
1653837835987 0.013484644703567028 209
1653837931960 0.01536642573773861 210
1653838026464 0.14866521954536438 211
1653838120564 0.06625285744667053 212
1653838213691 0.01228555478155613 213
1653838310985 0.012442981824278831 214
1653838403760 0.06931889057159424 215
1653838498952 0.7100685834884644 216
1653838594059 0.03992494195699692 217
1653838688427 0.061167992651462555 218
1653838781805 0.01042936835438013 219
1653838874685 2.1747891902923584 220
1653838967772 0.002617262303829193 221
1653839061609 0.00897198636084795 222
1653839155859 0.05396097153425217 223
1653839251096 0.0262387003749609 224
1653839341243 0.013032685033977032 225
1653839436342 2.236391067504883 226
1653839530372 0.10308880358934402 227
1653839623541 0.00364705896936357 228
1653839717854 0.01990620791912079 229
1653839812570 0.02776496484875679 230
1653839906526 0.021451711654663086 231
1653840001098 0.023219740018248558 232
1653840095486 0.005654267501085997 233
1653840189031 0.019292030483484268 234
1653840283706 0.031506769359111786 235
1653840378649 0.007264365907758474 236
1653840471268 0.019711235538125038 237
1653840565281 0.06843219697475433 238
1653840658399 0.25280308723449707 239
1653840753245 0.01236517634242773 240
1653840846332 0.0632581040263176 241
1653840941433 0.014145074412226677 242
1653841033813 0.04352589696645737 243
1653841127835 0.14399056136608124 244
1653841221170 0.2630745768547058 245
1653841314406 0.061674684286117554 246
1653841406845 0.1284182071685791 247
1653841501091 0.05974320322275162 248
1653841594607 0.0661291554570198 249
1653841687208 0.10736686736345291 250
1653841780515 0.04444076120853424 251
1653841873089 0.03618580847978592 252
1653841965322 0.001863177283667028 253
1653842059057 0.005650708917528391 254
1653842152185 0.04182729125022888 255
1653842246132 0.039563022553920746 256
1653842339540 0.01999504119157791 257
1653842431197 0.017644308507442474 258
1653842522792 0.11220009624958038 259
1653842617339 0.017124095931649208 260
1653842715568 0.00951296091079712 261
1653842810066 0.025426017120480537 262
1653842903991 0.012596623972058296 263
1653842997198 0.03639330714941025 264
1653843090921 0.1525348424911499 265
1653843184735 0.0012446378823369741 266
1653843279298 0.02668357640504837 267
1653843374017 0.014991969801485538 268
1653843468013 0.012927884235978127 269
1653843563556 0.01008292380720377 270
1653843657174 0.07455562800168991 271
1653843750061 0.08490212261676788 272
1653843842845 0.011121957562863827 273
1653843935732 0.008661637082695961 274
1653844028641 0.03933655470609665 275
1653844121608 0.014404520392417908 276
1653844214539 0.016751481220126152 277
1653844307164 0.0565178319811821 278
1653844400083 0.0717768445611 279
1653844492898 0.015685994178056717 280
1653844585829 0.02421470545232296 281
1653844678702 0.05416906997561455 282
1653844771735 0.003943741787225008 283
1653844864754 1.048467755317688 284
1653844958555 0.003339177928864956 285
1653845052155 0.25182807445526123 286
1653845145248 0.17924173176288605 287
1653845238226 0.011141595430672169 288
1653845331340 0.014646532014012337 289
1653845424532 0.003258578246459365 290
1653845517450 0.09257790446281433 291
1653845610541 0.01244229357689619 292
1653845703502 0.018234238028526306 293
1653845796542 0.017635874450206757 294
1653845889861 0.02274845540523529 295
1653845983265 0.014276343397796154 296
1653846076784 0.02717585489153862 297
1653846170267 0.005777510814368725 298
1653846263740 0.07277867197990417 299
