1653821245177 1.043405294418335 0
1653821326952 1.0191044807434082 1
1653821407678 1.4805705547332764 2
1653821488642 1.4051010608673096 3
1653821567698 1.2515076398849487 4
1653821646045 1.2669110298156738 5
1653821724302 1.5175527334213257 6
1653821802760 1.253462791442871 7
1653821881078 1.9335789680480957 8
1653821959239 0.9539111852645874 9
1653822037555 1.2736972570419312 10
1653822115902 1.9347167015075684 11
1653822194261 1.8856825828552246 12
1653822272573 2.232374906539917 13
1653822350824 1.9685754776000977 14
1653822429733 2.086221218109131 15
1653822508795 2.1092846393585205 16
1653822586955 1.2904911041259766 17
1653822665448 1.4106388092041016 18
1653822743671 2.274538278579712 19
1653822821861 2.0347681045532227 20
1653822900060 2.420379161834717 21
1653822978372 1.4551818370819092 22
1653823056677 3.3819162845611572 23
1653823135108 1.8102774620056152 24
1653823213351 1.7263894081115723 25
1653823291577 2.020725965499878 26
1653823369737 3.2066526412963867 27
1653823447948 2.8205716609954834 28
1653823526152 2.210085868835449 29
1653823605227 2.0456762313842773 30
1653823683554 3.9234092235565186 31
1653823761876 2.9267611503601074 32
1653823840230 3.010442018508911 33
1653823918914 2.106161117553711 34
1653823997528 3.161146640777588 35
1653824076086 2.4466798305511475 36
1653824155166 2.272935390472412 37
1653824233674 2.686880111694336 38
1653824312470 4.648959159851074 39
1653824391057 2.836475372314453 40
1653824469539 5.643533229827881 41
1653824548135 4.0798187255859375 42
1653824626813 4.254594802856445 43
1653824705276 3.320891857147217 44
1653824784730 3.194833278656006 45
1653824863365 2.480721950531006 46
1653824942016 3.4793543815612793 47
1653825020557 3.9069318771362305 48
1653825099081 3.3472979068756104 49
1653825177712 3.4002881050109863 50
1653825256214 3.9243054389953613 51
1653825334928 4.4121198654174805 52
1653825413553 4.326689720153809 53
1653825492232 4.024618625640869 54
1653825570753 4.110297203063965 55
1653825649343 3.3832290172576904 56
1653825727933 4.249190330505371 57
1653825806546 3.2730743885040283 58
1653825885027 4.513424873352051 59
1653825964285 3.632849931716919 60
1653826042925 5.151058197021484 61
1653826121377 4.099878787994385 62
1653826200121 4.216143608093262 63
1653826278626 5.2261962890625 64
1653826357004 3.8213937282562256 65
1653826435636 5.436586380004883 66
1653826514163 4.443609237670898 67
1653826592673 5.079952239990234 68
1653826671419 4.129473686218262 69
1653826750079 4.574047565460205 70
1653826828713 4.636223316192627 71
1653826907448 2.895082712173462 72
1653826986017 3.5928943157196045 73
1653827064626 4.012967109680176 74
1653827144093 5.631083011627197 75
1653827222590 4.343821048736572 76
1653827301092 3.2310800552368164 77
1653827379624 3.556037664413452 78
1653827458151 5.03726863861084 79
1653827536774 4.990066051483154 80
1653827615391 4.157907485961914 81
1653827694055 5.290729999542236 82
1653827772592 4.524216175079346 83
1653827851360 4.901667594909668 84
1653827930176 7.277277946472168 85
1653828008902 3.9318299293518066 86
1653828087434 4.711187839508057 87
1653828165981 4.003232002258301 88
1653828244611 3.715325355529785 89
1653828323920 4.597597122192383 90
1653828402393 4.074912071228027 91
1653828481042 5.101413726806641 92
1653828559659 5.584959506988525 93
1653828638033 4.235660076141357 94
1653828716676 4.736684799194336 95
1653828795319 4.869610786437988 96
1653828874407 3.774256706237793 97
1653828952955 3.788939952850342 98
1653829031847 5.9087114334106445 99
1653829110552 4.146771430969238 100
1653829189177 3.8285350799560547 101
1653829267664 4.6116790771484375 102
1653829346172 5.099967002868652 103
1653829424731 5.264158725738525 104
1653829504099 2.4114911556243896 105
1653829582799 6.771284580230713 106
1653829661461 7.290729522705078 107
1653829739932 4.7758636474609375 108
1653829818568 3.2301838397979736 109
1653829897266 3.3198516368865967 110
1653829975820 5.000467300415039 111
1653830054373 3.9947988986968994 112
1653830133006 5.990585803985596 113
1653830211650 3.681979179382324 114
1653830290427 5.70511531829834 115
1653830368836 5.855335712432861 116
1653830447428 5.747293472290039 117
1653830526042 5.2518815994262695 118
1653830604710 6.58482551574707 119
1653830683817 5.291736602783203 120
1653830762434 4.659278869628906 121
1653830840877 4.747041702270508 122
1653830919607 6.381811141967773 123
1653830998319 5.027508735656738 124
1653831077042 5.33672571182251 125
1653831155500 4.7829909324646 126
1653831234021 5.117156982421875 127
1653831312565 7.039773941040039 128
1653831391067 4.337037086486816 129
1653831469825 5.822597026824951 130
1653831548310 3.037250518798828 131
1653831626868 4.304755687713623 132
1653831705501 7.094820022583008 133
1653831784099 5.549055576324463 134
1653831863259 4.508169174194336 135
1653831941704 5.66560697555542 136
1653832020455 8.055320739746094 137
1653832099129 4.2299957275390625 138
1653832177627 4.436955451965332 139
1653832256235 4.987428188323975 140
1653832334603 6.701868057250977 141
1653832413175 5.1236491203308105 142
1653832491735 6.029238224029541 143
1653832570315 3.746187686920166 144
1653832648822 3.818220615386963 145
1653832727373 5.029506683349609 146
1653832805912 4.817917823791504 147
1653832884473 6.396821022033691 148
1653832963168 5.0029377937316895 149
1653833042408 4.487786293029785 150
1653833120968 3.9311790466308594 151
1653833199556 4.7905964851379395 152
1653833278237 3.9965076446533203 153
1653833356917 4.955498218536377 154
1653833435378 6.293337821960449 155
1653833514025 5.665561676025391 156
1653833592873 5.3332929611206055 157
1653833671440 4.4310688972473145 158
1653833749981 4.426624298095703 159
1653833828545 5.970073699951172 160
1653833907159 4.759861946105957 161
1653833985765 7.275550842285156 162
1653834064377 2.821073055267334 163
1653834142897 4.680726051330566 164
1653834222187 4.716584205627441 165
1653834300890 4.191354274749756 166
1653834379437 7.9668169021606445 167
1653834457919 4.4341840744018555 168
1653834536569 3.8172314167022705 169
1653834615494 6.426958084106445 170
1653834694132 4.571249961853027 171
1653834772614 5.250540733337402 172
1653834851105 7.759609699249268 173
1653834929507 5.431002616882324 174
1653835008074 4.468647003173828 175
1653835086825 5.513752460479736 176
1653835165387 4.8409423828125 177
1653835243976 5.2049126625061035 178
1653835322510 5.625605583190918 179
1653835402100 5.508749961853027 180
1653835480478 5.297192096710205 181
1653835559021 6.289134979248047 182
1653835637591 10.904781341552734 183
1653835716223 4.852289199829102 184
1653835794789 4.373876094818115 185
1653835873318 7.384567737579346 186
1653835951957 4.79795503616333 187
1653836030620 3.2961487770080566 188
1653836109205 4.4934000968933105 189
1653836187903 8.079536437988281 190
1653836266457 5.731514930725098 191
1653836345032 4.160109996795654 192
1653836424694 6.4151434898376465 193
1653836504037 5.7266740798950195 194
1653836583581 5.0013346672058105 195
1653836662390 4.627693176269531 196
1653836741341 4.521917819976807 197
1653836820205 7.229178428649902 198
1653836901059 6.249154090881348 199
1653836990475 6.111120223999023 200
1653837083962 4.482063293457031 201
1653837177579 5.2450642585754395 202
1653837272665 5.353646755218506 203
1653837367421 5.1916327476501465 204
1653837460775 4.735248565673828 205
1653837554849 5.558764934539795 206
1653837648191 5.955951690673828 207
1653837741924 6.748708248138428 208
1653837835994 6.609789848327637 209
1653837931968 5.929361343383789 210
1653838026475 3.985290050506592 211
1653838120572 6.091519355773926 212
1653838213698 6.499654769897461 213
1653838310994 5.873561859130859 214
1653838403770 4.540952205657959 215
1653838498960 2.318063974380493 216
1653838594068 6.106888294219971 217
1653838688437 6.016207695007324 218
1653838781816 5.561834335327148 219
1653838874695 10.858259201049805 220
1653838967781 6.9037675857543945 221
1653839061618 9.578907012939453 222
1653839155870 6.845409393310547 223
1653839251106 8.168222427368164 224
1653839341255 6.193160533905029 225
1653839436352 12.448097229003906 226
1653839530382 5.4289116859436035 227
1653839623550 7.039207458496094 228
1653839717861 5.430452823638916 229
1653839812578 4.973145484924316 230
1653839906535 7.405930042266846 231
1653840001109 5.445342063903809 232
1653840095496 9.250238418579102 233
1653840189042 6.217560291290283 234
1653840283715 5.974449157714844 235
1653840378661 8.409807205200195 236
1653840471279 6.167104244232178 237
1653840565292 4.696456432342529 238
1653840658408 4.836583137512207 239
1653840753257 7.068601131439209 240
1653840846342 4.937234878540039 241
1653840941442 7.4950947761535645 242
1653841033822 4.559347152709961 243
1653841127844 6.911528587341309 244
1653841221180 4.553108215332031 245
1653841314417 8.21782112121582 246
1653841406855 4.631565093994141 247
1653841501100 5.962776184082031 248
1653841594616 5.196079254150391 249
1653841687218 5.869091510772705 250
1653841780523 6.29416561126709 251
1653841873098 11.037720680236816 252
1653841965333 11.183445930480957 253
1653842059066 7.289406776428223 254
1653842152193 5.468969821929932 255
1653842246141 5.7362518310546875 256
1653842339550 5.86433744430542 257
1653842431206 6.160011291503906 258
1653842522801 5.735257148742676 259
1653842617350 5.488559246063232 260
1653842715576 6.572124004364014 261
1653842810076 9.001564979553223 262
1653842904000 5.975704193115234 263
1653842997208 6.112123489379883 264
1653843090930 5.70954704284668 265
1653843184742 9.455843925476074 266
1653843279309 5.151259422302246 267
1653843374024 5.949833869934082 268
1653843468020 5.600490570068359 269
1653843563565 12.84565544128418 270
1653843657186 5.264488220214844 271
1653843750069 5.0239667892456055 272
1653843842852 6.979248046875 273
1653843935740 9.303601264953613 274
1653844028653 5.478838920593262 275
1653844121614 6.164389610290527 276
1653844214546 9.341007232666016 277
1653844307175 6.184212684631348 278
1653844400091 5.328615665435791 279
1653844492905 6.200223445892334 280
1653844585836 5.631625175476074 281
1653844678711 5.634162425994873 282
1653844771741 6.736793041229248 283
1653844864764 1.7996764183044434 284
1653844958568 7.548619270324707 285
1653845052161 4.607652187347412 286
1653845145255 7.259065628051758 287
1653845238233 6.113769054412842 288
1653845331348 6.9063544273376465 289
1653845424538 7.282073974609375 290
1653845517461 5.825375556945801 291
1653845610551 5.804172039031982 292
1653845703515 5.546037673950195 293
1653845796550 5.779184818267822 294
1653845889872 5.543853759765625 295
1653845983277 5.840628623962402 296
1653846076791 7.4537153244018555 297
1653846170278 6.929920196533203 298
1653846263750 6.168885231018066 299
