1653821245168 1.5207023620605469 0
1653821326944 1.7013550996780396 1
1653821407671 2.218966007232666 2
1653821488634 2.2384300231933594 3
1653821567690 2.3381118774414062 4
1653821646037 1.824768304824829 5
1653821724293 2.211348056793213 6
1653821802752 2.2280502319335938 7
1653821881070 2.6045496463775635 8
1653821959232 1.6459484100341797 9
1653822037547 1.9572012424468994 10
1653822115895 2.14398455619812 11
1653822194252 2.2726898193359375 12
1653822272565 2.683814287185669 13
1653822350815 2.876828670501709 14
1653822429725 2.5965747833251953 15
1653822508787 2.928804397583008 16
1653822586947 1.8435659408569336 17
1653822665440 1.9764020442962646 18
1653822743659 2.967984437942505 19
1653822821850 2.4337596893310547 20
1653822900052 3.16469407081604 21
1653822978363 1.812254786491394 22
1653823056669 3.9364521503448486 23
1653823135099 2.4539988040924072 24
1653823213341 2.2898976802825928 25
1653823291569 2.2696478366851807 26
1653823369730 4.223257064819336 27
1653823447938 3.6308035850524902 28
1653823526143 3.0253443717956543 29
1653823605218 2.7468509674072266 30
1653823683545 4.562654972076416 31
1653823761867 3.429290533065796 32
1653823840221 3.746060371398926 33
1653823918906 2.717238664627075 34
1653823997519 3.804983139038086 35
1653824076078 3.3273534774780273 36
1653824155156 2.929497718811035 37
1653824233665 3.285888671875 38
1653824312461 5.358747959136963 39
1653824391048 3.2264068126678467 40
1653824469530 6.299068927764893 41
1653824548126 4.529531955718994 42
1653824626804 4.602011680603027 43
1653824705267 3.8456692695617676 44
1653824784721 3.72898006439209 45
1653824863352 2.994781494140625 46
1653824942007 4.469762325286865 47
1653825020548 4.667102336883545 48
1653825099073 4.237025260925293 49
1653825177703 4.366876125335693 50
1653825256203 4.2858147621154785 51
1653825334919 4.860125541687012 52
1653825413543 4.844075679779053 53
1653825492223 5.061305999755859 54
1653825570744 4.766862392425537 55
1653825649334 3.7009875774383545 56
1653825727924 4.656187057495117 57
1653825806536 3.8978514671325684 58
1653825885018 5.1691765785217285 59
1653825964276 4.637120246887207 60
1653826042917 6.188591003417969 61
1653826121369 4.411933898925781 62
1653826200112 4.92427396774292 63
1653826278617 5.791207313537598 64
1653826356995 4.351335525512695 65
1653826435627 5.947213172912598 66
1653826514155 5.0312275886535645 67
1653826592664 5.801174640655518 68
1653826671410 4.783688068389893 69
1653826750071 5.089045524597168 70
1653826828704 5.547857284545898 71
1653826907438 3.3322811126708984 72
1653826986008 4.531680107116699 73
1653827064618 4.696374893188477 74
1653827144084 6.347917556762695 75
1653827222581 5.114742279052734 76
1653827301083 3.8714687824249268 77
1653827379616 4.156718730926514 78
1653827458141 5.684086799621582 79
1653827536765 5.586370944976807 80
1653827615382 5.266143798828125 81
1653827694046 5.6230244636535645 82
1653827772583 5.305332183837891 83
1653827851349 5.696047306060791 84
1653827930166 8.397768020629883 85
1653828008892 4.235857963562012 86
1653828087424 5.395564079284668 87
1653828165972 4.4732985496521 88
1653828244602 4.294833183288574 89
1653828323912 5.122763633728027 90
1653828402382 4.765307903289795 91
1653828481033 5.915580749511719 92
1653828559651 5.918696880340576 93
1653828638023 4.772897720336914 94
1653828716668 5.309054374694824 95
1653828795310 5.444098472595215 96
1653828874398 4.72670841217041 97
1653828952945 4.002401828765869 98
1653829031837 6.802831649780273 99
1653829110542 4.877659797668457 100
1653829189168 4.528581142425537 101
1653829267655 5.218332290649414 102
1653829346163 5.864198207855225 103
1653829424722 5.874504089355469 104
1653829504090 2.9647324085235596 105
1653829582789 7.739326000213623 106
1653829661452 7.615069389343262 107
1653829739921 5.741639137268066 108
1653829818558 4.114617824554443 109
1653829897255 3.795853614807129 110
1653829975810 5.263423442840576 111
1653830054363 4.7206292152404785 112
1653830132995 6.386295318603516 113
1653830211640 4.193596839904785 114
1653830290417 6.452408313751221 115
1653830368827 6.327941417694092 116
1653830447418 6.0399298667907715 117
1653830526032 5.595138072967529 118
1653830604700 6.908544063568115 119
1653830683807 5.637185573577881 120
1653830762424 5.133875370025635 121
1653830840869 5.541441917419434 122
1653830919597 7.055684566497803 123
1653830998309 5.226396560668945 124
1653831077032 5.75911808013916 125
1653831155490 5.77656888961792 126
1653831234012 5.982772350311279 127
1653831312557 7.435831546783447 128
1653831391058 4.7478532791137695 129
1653831469816 6.237339496612549 130
1653831548299 3.584441661834717 131
1653831626859 4.8083672523498535 132
1653831705492 7.8752665519714355 133
1653831784088 6.183523178100586 134
1653831863249 5.226287841796875 135
1653831941695 6.382601261138916 136
1653832020445 8.604891777038574 137
1653832099120 5.104333877563477 138
1653832177616 5.055330276489258 139
1653832256224 5.523734092712402 140
1653832334594 7.359109401702881 141
1653832413164 5.607100009918213 142
1653832491727 7.033809185028076 143
1653832570306 4.124032974243164 144
1653832648813 4.612851142883301 145
1653832727363 5.453370094299316 146
1653832805903 5.670639991760254 147
1653832884464 6.850512981414795 148
1653832963158 5.582821846008301 149
1653833042398 5.464985370635986 150
1653833120959 4.210579872131348 151
1653833199547 5.317972183227539 152
1653833278226 4.263855934143066 153
1653833356908 5.517090797424316 154
1653833435369 7.053800582885742 155
1653833514015 6.261847019195557 156
1653833592864 6.053951263427734 157
1653833671430 5.163486480712891 158
1653833749971 4.864239692687988 159
1653833828535 6.534360885620117 160
1653833907150 5.7530131340026855 161
1653833985756 7.768105506896973 162
1653834064368 3.0840842723846436 163
1653834142887 5.569694519042969 164
1653834222178 5.0200066566467285 165
1653834300881 4.723428726196289 166
1653834379426 8.73205852508545 167
1653834457910 5.025936603546143 168
1653834536559 4.470999717712402 169
1653834615485 7.154825210571289 170
1653834694122 5.102878570556641 171
1653834772605 5.9392805099487305 172
1653834851096 8.055623054504395 173
1653834929498 6.3685407638549805 174
1653835008063 5.304734230041504 175
1653835086816 6.512343406677246 176
1653835165377 5.325060844421387 177
1653835243967 5.774013519287109 178
1653835322500 6.028947830200195 179
1653835402090 5.981666088104248 180
1653835480468 6.118767261505127 181
1653835559012 6.932422637939453 182
1653835637582 11.661407470703125 183
1653835716214 5.546163558959961 184
1653835794780 4.861250877380371 185
1653835873308 8.360404968261719 186
1653835951945 5.712909698486328 187
1653836030610 3.7016613483428955 188
1653836109197 4.975633144378662 189
1653836187893 8.78024959564209 190
1653836266448 6.079927921295166 191
1653836345023 4.98301362991333 192
1653836424682 7.110389709472656 193
1653836504027 6.506033897399902 194
1653836583572 5.444178104400635 195
1653836662379 5.423583030700684 196
1653836741331 5.2107720375061035 197
1653836820196 7.576196670532227 198
1653836901047 6.892497539520264 199
1653836990460 6.424685478210449 200
1653837083949 4.808900356292725 201
1653837177566 5.751516819000244 202
1653837272652 6.022983074188232 203
1653837367407 6.070642948150635 204
1653837460761 5.255040645599365 205
1653837554837 6.1544928550720215 206
1653837648177 6.799907684326172 207
1653837741911 7.43790340423584 208
1653837835983 7.049487113952637 209
1653837931953 6.613307952880859 210
1653838026461 4.889076232910156 211
1653838120560 6.505780220031738 212
1653838213688 7.2855939865112305 213
1653838310980 6.423027038574219 214
1653838403755 4.968545913696289 215
1653838498945 2.9368937015533447 216
1653838594055 6.7288970947265625 217
1653838688422 6.795528411865234 218
1653838781800 5.914420127868652 219
1653838874679 11.424638748168945 220
1653838967767 7.313615322113037 221
1653839061605 10.135978698730469 222
1653839155854 7.61921501159668 223
1653839251091 9.064661026000977 224
1653839341238 6.698834419250488 225
1653839436338 13.113920211791992 226
1653839530368 5.923061847686768 227
1653839623536 7.370258331298828 228
1653839717850 5.969338893890381 229
1653839812566 5.56683349609375 230
1653839906521 7.802071571350098 231
1653840001094 5.809813976287842 232
1653840095481 9.809898376464844 233
1653840189027 6.802633762359619 234
1653840283701 6.269321441650391 235
1653840378644 8.815855026245117 236
1653840471263 6.905562400817871 237
1653840565277 5.070357799530029 238
1653840658394 5.930059432983398 239
1653840753241 7.660082817077637 240
1653840846327 5.294538497924805 241
1653840941427 8.575927734375 242
1653841033808 5.383260726928711 243
1653841127830 7.915096282958984 244
1653841221165 5.518664836883545 245
1653841314402 8.97419548034668 246
1653841406840 5.694478988647461 247
1653841501087 6.886881351470947 248
1653841594604 5.807204246520996 249
1653841687204 6.580757141113281 250
1653841780510 6.902131080627441 251
1653841873084 11.47075366973877 252
1653841965317 12.213305473327637 253
1653842059052 7.996562480926514 254
1653842152182 6.444579601287842 255
1653842246127 6.539835453033447 256
1653842339534 6.862832546234131 257
1653842431193 6.67838191986084 258
1653842522787 6.55671501159668 259
1653842617333 5.75111198425293 260
1653842715562 7.123691082000732 261
1653842810060 9.705535888671875 262
1653842903986 6.507460594177246 263
1653842997194 6.579533100128174 264
1653843090918 6.274574279785156 265
1653843184732 9.850963592529297 266
1653843279293 6.246890068054199 267
1653843374013 6.383119106292725 268
1653843468006 6.114577770233154 269
1653843563551 13.490989685058594 270
1653843657170 5.765527725219727 271
1653843750055 5.25520658493042 272
1653843842841 7.501977443695068 273
1653843935729 10.148845672607422 274
1653844028636 6.061925411224365 275
1653844121605 6.54896354675293 276
1653844214535 9.893636703491211 277
1653844307159 6.471722602844238 278
1653844400078 6.224918365478516 279
1653844492894 6.7290449142456055 280
1653844585823 5.94041633605957 281
1653844678696 5.849212646484375 282
1653844771731 7.208552837371826 283
1653844864750 2.2115719318389893 284
1653844958549 8.165815353393555 285
1653845052151 5.140921592712402 286
1653845145244 7.863023281097412 287
1653845238222 6.640893936157227 288
1653845331336 7.4124836921691895 289
1653845424528 7.81549072265625 290
1653845517445 6.657174587249756 291
1653845610536 6.341446876525879 292
1653845703497 6.187196731567383 293
1653845796537 6.330756187438965 294
1653845889857 5.8882269859313965 295
1653845983260 6.679879188537598 296
1653846076780 8.316998481750488 297
1653846170263 7.489256858825684 298
1653846263735 6.6022257804870605 299
