1653821245173 0.004772971384227276 0
1653821326949 0.006822505965828896 1
1653821407676 0.007383954711258411 2
1653821488639 0.008333289064466953 3
1653821567695 0.010866042226552963 4
1653821646043 0.005578573327511549 5
1653821724299 0.00693795271217823 6
1653821802758 0.00974587444216013 7
1653821881076 0.006709706969559193 8
1653821959237 0.006920372135937214 9
1653822037553 0.006835039705038071 10
1653822115900 0.0020926776342093945 11
1653822194258 0.0038700737059116364 12
1653822272570 0.004514394793659449 13
1653822350821 0.009082532487809658 14
1653822429730 0.005103536881506443 15
1653822508792 0.008195199072360992 16
1653822586953 0.0055307489819824696 17
1653822665446 0.005657631903886795 18
1653822743666 0.0069344621151685715 19
1653822821858 0.0039899167604744434 20
1653822900057 0.007443149108439684 21
1653822978369 0.003570729633793235 22
1653823056675 0.005545358173549175 23
1653823135105 0.006437212694436312 24
1653823213348 0.005635082721710205 25
1653823291574 0.0024892196524888277 26
1653823369735 0.010166047140955925 27
1653823447945 0.00810232013463974 28
1653823526149 0.008152584545314312 29
1653823605224 0.007011748384684324 30
1653823683552 0.006392458453774452 31
1653823761873 0.0050252946093678474 32
1653823840227 0.007356185000389814 33
1653823918912 0.00611077481880784 34
1653823997525 0.006438366137444973 35
1653824076084 0.008806737139821053 36
1653824155162 0.006565623916685581 37
1653824233672 0.005990085657685995 38
1653824312468 0.00709788640961051 39
1653824391054 0.003899315372109413 40
1653824469536 0.006555358879268169 41
1653824548133 0.004497131332755089 42
1653824626810 0.0034741710405796766 43
1653824705273 0.005247775465250015 44
1653824784727 0.005341468844562769 45
1653824863361 0.00514059467241168 46
1653824942013 0.009904079139232635 47
1653825020554 0.007601706311106682 48
1653825099078 0.008897271938621998 49
1653825177709 0.009665878489613533 50
1653825256211 0.0036150915548205376 51
1653825334925 0.004480058792978525 52
1653825413550 0.005173861049115658 53
1653825492229 0.010366873815655708 54
1653825570750 0.0065656499937176704 55
1653825649340 0.0031775846146047115 56
1653825727931 0.004069967195391655 57
1653825806543 0.006247770506888628 58
1653825885024 0.0065575167536735535 59
1653825964282 0.010042704641819 60
1653826042923 0.010375326499342918 61
1653826121374 0.0031205499544739723 62
1653826200118 0.007081303745508194 63
1653826278623 0.005650111474096775 64
1653826357001 0.005299420561641455 65
1653826435633 0.0051062703132629395 66
1653826514161 0.005876181647181511 67
1653826592670 0.007212224882096052 68
1653826671416 0.00654214434325695 69
1653826750076 0.005149978678673506 70
1653826828710 0.009116340428590775 71
1653826907444 0.004371984861791134 72
1653826986014 0.009387858211994171 73
1653827064624 0.006834075786173344 74
1653827144091 0.0071683479472994804 75
1653827222588 0.007709211204200983 76
1653827301089 0.006403887178748846 77
1653827379622 0.006006812211126089 78
1653827458148 0.006468179170042276 79
1653827536771 0.005963048432022333 80
1653827615388 0.01108236238360405 81
1653827694053 0.0033229466062039137 82
1653827772589 0.007811159826815128 83
1653827851355 0.007943798787891865 84
1653827930173 0.011204905807971954 85
1653828008899 0.0030402815900743008 86
1653828087430 0.006843762472271919 87
1653828165978 0.004700664430856705 88
1653828244608 0.005795080214738846 89
1653828323918 0.005251666530966759 90
1653828402389 0.006903957575559616 91
1653828481039 0.008141672238707542 92
1653828559657 0.003337371628731489 93
1653828638030 0.005372375715523958 94
1653828716673 0.0057236975990235806 95
1653828795316 0.005744875408709049 96
1653828874404 0.009524515829980373 97
1653828952952 0.0021346197463572025 98
1653829031843 0.008941203355789185 99
1653829110549 0.007308885455131531 100
1653829189174 0.007000459358096123 101
1653829267661 0.0060665300115942955 102
1653829346169 0.0076423101127147675 103
1653829424728 0.006103451829403639 104
1653829504096 0.005532412324100733 105
1653829582796 0.009680412709712982 106
1653829661459 0.0032434011809527874 107
1653829739928 0.009657753631472588 108
1653829818565 0.008844338357448578 109
1653829897262 0.004760018549859524 110
1653829975817 0.0026295622810721397 111
1653830054370 0.007258301600813866 112
1653830133003 0.003957096487283707 113
1653830211647 0.00511617586016655 114
1653830290424 0.007472928613424301 115
1653830368833 0.004726055543869734 116
1653830447425 0.0029263633769005537 117
1653830526039 0.0034325632732361555 118
1653830604707 0.003237183904275298 119
1653830683814 0.003454489167779684 120
1653830762431 0.004745967220515013 121
1653830840874 0.007944004610180855 122
1653830919604 0.006738733500242233 123
1653830998315 0.00198887987062335 124
1653831077038 0.004223925992846489 125
1653831155496 0.009935777634382248 126
1653831234018 0.00865615252405405 127
1653831312563 0.003960576839745045 128
1653831391065 0.004108159802854061 129
1653831469823 0.004147422965615988 130
1653831548307 0.005471912678331137 131
1653831626865 0.00503611471503973 132
1653831705498 0.007804465480148792 133
1653831784095 0.0063446760177612305 134
1653831863256 0.007181188091635704 135
1653831941702 0.00716994097456336 136
1653832020452 0.005495707504451275 137
1653832099126 0.008743379265069962 138
1653832177623 0.006183750927448273 139
1653832256231 0.005363056436181068 140
1653832334601 0.006572413723915815 141
1653832413171 0.004834507592022419 142
1653832491733 0.01004570908844471 143
1653832570312 0.0037784529849886894 144
1653832648820 0.007946307770907879 145
1653832727370 0.004238632507622242 146
1653832805909 0.008527220226824284 147
1653832884470 0.004536920227110386 148
1653832963165 0.005798838101327419 149
1653833042405 0.009771990589797497 150
1653833120965 0.0027940100990235806 151
1653833199553 0.005273756571114063 152
1653833278234 0.002673482056707144 153
1653833356914 0.005615926813334227 154
1653833435375 0.007604626007378101 155
1653833514022 0.005962851457297802 156
1653833592870 0.007206580601632595 157
1653833671437 0.00732417544350028 158
1653833749977 0.0043761529959738255 159
1653833828542 0.005642869509756565 160
1653833907156 0.009931512176990509 161
1653833985762 0.004925545305013657 162
1653834064374 0.002630113158375025 163
1653834142894 0.008889686316251755 164
1653834222185 0.0030342235695570707 165
1653834300887 0.005320743657648563 166
1653834379434 0.00765241589397192 167
1653834457916 0.005917524918913841 168
1653834536566 0.006537680514156818 169
1653834615491 0.007278672885149717 170
1653834694129 0.00531628355383873 171
1653834772611 0.006887395866215229 172
1653834851102 0.0029601368587464094 173
1653834929504 0.009375384077429771 174
1653835008070 0.008360874839127064 175
1653835086822 0.0099859070032835 176
1653835165384 0.004841187037527561 177
1653835243973 0.005691006779670715 178
1653835322507 0.004033422563225031 179
1653835402097 0.004729161970317364 180
1653835480475 0.008215752430260181 181
1653835559018 0.006432877853512764 182
1653835637589 0.00756626483052969 183
1653835716220 0.0069387443363666534 184
1653835794786 0.0048737479373812675 185
1653835873315 0.009758375585079193 186
1653835951953 0.00914954487234354 187
1653836030616 0.004055124707520008 188
1653836109203 0.004822332412004471 189
1653836187899 0.007007131353020668 190
1653836266454 0.003484128974378109 191
1653836345029 0.008229035884141922 192
1653836424690 0.006952464580535889 193
1653836504034 0.007793600670993328 194
1653836583578 0.004428433254361153 195
1653836662387 0.007958896458148956 196
1653836741338 0.00688854418694973 197
1653836820203 0.0034701814875006676 198
1653836901055 0.006433433853089809 199
1653836990470 0.003135652281343937 200
1653837083957 0.003268371568992734 201
1653837177575 0.005064524710178375 202
1653837272660 0.006693365052342415 203
1653837367417 0.008790101855993271 204
1653837460771 0.005197921767830849 205
1653837554845 0.005957277491688728 206
1653837648187 0.008439561352133751 207
1653837741920 0.006891953758895397 208
1653837835990 0.004396973177790642 209
1653837931964 0.006839467212557793 210
1653838026469 0.009037859737873077 211
1653838120568 0.004142607096582651 212
1653838213695 0.00785939022898674 213
1653838310989 0.005494652781635523 214
1653838403765 0.004275938495993614 215
1653838498956 0.0061882976442575455 216
1653838594064 0.006220088806003332 217
1653838688433 0.007793208584189415 218
1653838781812 0.003525855951011181 219
1653838874690 0.005663791671395302 220
1653838967777 0.004098477773368359 221
1653839061614 0.005570715293288231 222
1653839155864 0.007738056592643261 223
1653839251101 0.00896438304334879 224
1653839341249 0.005056740716099739 225
1653839436347 0.006658230908215046 226
1653839530376 0.004941503517329693 227
1653839623545 0.003310508094727993 228
1653839717858 0.005388861056417227 229
1653839812574 0.0059368796646595 230
1653839906530 0.003961414098739624 231
1653840001103 0.003644719487056136 232
1653840095492 0.005596599541604519 233
1653840189035 0.005850734189152718 234
1653840283710 0.002948723267763853 235
1653840378656 0.004060475155711174 236
1653840471273 0.007384580560028553 237
1653840565287 0.0037390138022601604 238
1653840658404 0.01093476265668869 239
1653840753251 0.005914818495512009 240
1653840846337 0.00357303605414927 241
1653840941437 0.010808324441313744 242
1653841033817 0.008239136077463627 243
1653841127839 0.010035676881670952 244
1653841221174 0.009655565954744816 245
1653841314412 0.007563746068626642 246
1653841406850 0.010629139840602875 247
1653841501096 0.00924105104058981 248
1653841594612 0.00611124886199832 249
1653841687213 0.007116657681763172 250
1653841780519 0.006079654209315777 251
1653841873094 0.004330331459641457 252
1653841965326 0.0102985929697752 253
1653842059061 0.007071558386087418 254
1653842152189 0.009756097570061684 255
1653842246136 0.00803583487868309 256
1653842339545 0.009984951466321945 257
1653842431201 0.005183705128729343 258
1653842522797 0.00821457989513874 259
1653842617344 0.002625528257340193 260
1653842715572 0.005515669472515583 261
1653842810072 0.007039705757051706 262
1653842903996 0.005317565519362688 263
1653842997203 0.004674097523093224 264
1653843090926 0.00565027492120862 265
1653843184739 0.003951198887079954 266
1653843279303 0.01095630694180727 267
1653843374020 0.004332852549850941 268
1653843468017 0.0051408736035227776 269
1653843563560 0.006453339010477066 270
1653843657180 0.005010397173464298 271
1653843750066 0.00231239665299654 272
1653843842847 0.005227293819189072 273
1653843935736 0.008452444337308407 274
1653844028646 0.005830865353345871 275
1653844121611 0.0038457412738353014 276
1653844214542 0.005526296328753233 277
1653844307170 0.0028750994242727757 278
1653844400088 0.008963027037680149 279
1653844492901 0.005288215819746256 280
1653844585833 0.003087910357862711 281
1653844678707 0.002150503220036626 282
1653844771738 0.004717596806585789 283
1653844864759 0.004118954297155142 284
1653844958562 0.006171965040266514 285
1653845052159 0.00533269252628088 286
1653845145251 0.0060395747423172 287
1653845238230 0.005271249450743198 288
1653845331343 0.005061290692538023 289
1653845424535 0.00533416960388422 290
1653845517455 0.008317988365888596 291
1653845610546 0.00537274731323123 292
1653845703509 0.0064115882851183414 293
1653845796546 0.005515713710337877 294
1653845889866 0.0034437321592122316 295
1653845983271 0.00839250534772873 296
1653846076787 0.00863283034414053 297
1653846170273 0.005593365523964167 298
1653846263744 0.004333406686782837 299
