1653796931623 0.2406471222639084 0
1653797008974 0.8246287703514099 1
1653797085351 0.11314855515956879 2
1653797161763 0.13919080793857574 3
1653797238383 0.5439363718032837 4
1653797314857 0.08285542577505112 5
1653797391406 0.28112801909446716 6
1653797468287 0.0633530467748642 7
1653797544903 0.09040616452693939 8
1653797621539 0.3039296567440033 9
1653797697964 0.00647097360342741 10
1653797774511 0.030858440324664116 11
1653797850964 0.2410310059785843 12
1653797927474 0.15123629570007324 13
1653798003940 0.3495928943157196 14
1653798081198 0.020238328725099564 15
1653798157884 0.039193544536828995 16
1653798234495 0.22797353565692902 17
1653798310952 0.06295210868120193 18
1653798387550 0.19614166021347046 19
1653798464096 0.13173004984855652 20
1653798540793 0.2577858567237854 21
1653798617176 0.021025164052844048 22
1653798693776 0.007975496351718903 23
1653798770294 0.11069982498884201 24
1653798846818 0.0676615908741951 25
1653798923461 0.22120271623134613 26
1653798999823 0.05807656794786453 27
1653799076394 0.01719074510037899 28
1653799152953 0.0833635926246643 29
1653799230282 0.12883421778678894 30
1653799306785 0.03369930759072304 31
1653799383445 0.016716036945581436 32
1653799460001 0.11045921593904495 33
1653799536333 0.33517199754714966 34
1653799612986 0.0017207773635163903 35
1653799689652 0.0427759625017643 36
1653799765948 0.044954754412174225 37
1653799842351 0.07708723843097687 38
1653799918695 0.04970439523458481 39
1653799995315 0.16769902408123016 40
1653800071855 0.006968092638999224 41
1653800148488 0.0055054593831300735 42
1653800225089 0.012725709937512875 43
1653800301774 0.019958503544330597 44
1653800379160 0.0006509409286081791 45
1653800455768 0.22268474102020264 46
1653800532360 0.01554909162223339 47
1653800609034 0.020171619951725006 48
1653800685365 0.02673221379518509 49
1653800762105 0.008391509763896465 50
1653800838956 0.1384357213973999 51
1653800915666 0.02331387810409069 52
1653800992434 0.02522527053952217 53
1653801069118 0.050796255469322205 54
1653801145756 0.007456365041434765 55
1653801222532 0.019505415111780167 56
1653801299115 0.005268867593258619 57
1653801375837 0.004317565821111202 58
1653801452582 0.0011485908180475235 59
1653801530211 0.001453258330002427 60
1653801607000 0.0022026028018444777 61
1653801684016 0.0001688504416961223 62
1653801760850 0.006482264958322048 63
1653801837650 0.008812363259494305 64
1653801914432 0.00863299798220396 65
1653801991249 0.0015993589768186212 66
1653802068484 0.00643621850758791 67
1653802145010 0.0023267208598554134 68
1653802221542 0.005894182249903679 69
1653802297895 0.09857368469238281 70
1653802374500 0.0023869352880865335 71
1653802451116 0.006781461648643017 72
1653802527571 0.0037837480194866657 73
1653802604018 0.00265676761046052 74
1653802681513 0.010174129158258438 75
1653802758034 0.006298951338976622 76
1653802834709 0.01628199592232704 77
1653802911177 0.008001916110515594 78
1653802987741 0.008752317167818546 79
1653803064233 0.0013096077600494027 80
1653803140761 0.003159773536026478 81
1653803217392 0.027932412922382355 82
1653803293902 0.1249801442027092 83
1653803370385 0.0010739504359662533 84
1653803447004 0.00802180077880621 85
1653803523405 0.0013633419293910265 86
1653803599869 0.0022916013840585947 87
1653803676469 0.0107613829895854 88
1653803753137 0.0027732073795050383 89
1653803830873 0.0038689528591930866 90
1653803907789 0.0010723401792347431 91
1653803984481 0.003470346098765731 92
1653804061112 0.0015900455182418227 93
1653804137972 0.003461911343038082 94
1653804214696 0.002426199847832322 95
1653804291436 8.27131952974014e-05 96
1653804368318 0.006773645989596844 97
1653804445239 0.0006203139200806618 98
1653804522013 9.296130883740261e-05 99
1653804598602 0.0004055473254993558 100
1653804675220 0.005741934757679701 101
1653804751835 1.0448238849639893 102
1653804828385 0.0003355149819981307 103
1653804904913 0.00013187328295316547 104
1653804982773 0.010787378065288067 105
1653805059623 0.002375174080953002 106
1653805136278 0.0024793632328510284 107
1653805213089 0.008876033127307892 108
1653805289986 0.0010457931784912944 109
1653805366917 0.0019085707608610392 110
1653805444007 0.002864362671971321 111
1653805520787 0.0033330218866467476 112
1653805597762 0.025385072454810143 113
1653805674525 0.015718871727585793 114
1653805751290 0.0006783141288906336 115
1653805828016 0.006339999847114086 116
1653805904811 7.693929364904761e-05 117
1653805981865 0.002085915068164468 118
1653806058660 0.04857750982046127 119
1653806136226 0.003593581262975931 120
1653806213158 0.0016673801001161337 121
1653806293165 0.005526286084204912 122
1653806369937 0.03419691324234009 123
1653806446803 0.003939338959753513 124
1653806523760 0.03128103166818619 125
1653806600625 0.07647144794464111 126
1653806677956 0.00016376754501834512 127
1653806758347 0.02371106669306755 128
1653806838477 0.3010759651660919 129
1653806919844 0.000887810776475817 130
1653806999561 0.003543140832334757 131
1653807079040 0.0086498549208045 132
1653807157206 0.030851833522319794 133
1653807234184 0.007854629307985306 134
1653807311872 0.02580558881163597 135
1653807388839 0.010537650436162949 136
1653807465800 0.0066207097843289375 137
1653807542706 0.00022432615514844656 138
1653807619593 0.0006933419499546289 139
1653807696486 0.00026889872970059514 140
1653807773763 0.0002194298867834732 141
1653807855456 0.022903887555003166 142
1653807936361 0.0033853985369205475 143
1653808013949 0.0013068225234746933 144
1653808092984 0.05419393256306648 145
1653808173194 0.00588238937780261 146
1653808253819 0.004785564262419939 147
1653808332490 0.010277748107910156 148
1653808409564 0.003846132894977927 149
1653808487073 0.0022573345340788364 150
1653808563863 0.00018244681996293366 151
1653808640815 9.307404252467677e-05 152
1653808718456 0.001135098049417138 153
1653808795411 0.0004441717464942485 154
1653808871971 0.004368186928331852 155
1653808948793 0.002432957524433732 156
1653809025571 0.011669226922094822 157
1653809102407 0.006294228136539459 158
1653809179410 0.0027230950072407722 159
1653809256308 0.005954301916062832 160
1653809333099 0.030987529084086418 161
1653809409901 0.011586709879338741 162
1653809486720 0.0007806321955285966 163
1653809563535 0.0008947603055275977 164
1653809640626 0.0029432838782668114 165
1653809716874 0.001809542067348957 166
1653809793171 0.026256220415234566 167
1653809869541 0.0010098867351189256 168
1653809945779 0.0036104421596974134 169
1653810021932 0.00272601330652833 170
1653810098195 0.0025075275916606188 171
1653810174557 0.010568186640739441 172
1653810250894 0.002224487718194723 173
1653810327056 0.06291186809539795 174
1653810403284 0.002093516057357192 175
1653810479560 0.0113699771463871 176
1653810555820 0.004548161756247282 177
1653810632071 0.08745048195123672 178
1653810708245 0.0065572489984333515 179
1653810785300 0.012036174535751343 180
1653810861648 0.002692741807550192 181
1653810937949 0.0010751559166237712 182
1653811014723 0.0002806714619509876 183
1653811091576 0.00021086694323457778 184
1653811168331 0.00504813389852643 185
1653811245025 0.0014398011844605207 186
1653811322139 0.011400839313864708 187
1653811398615 0.004595019388943911 188
1653811475096 0.000102236881502904 189
1653811551631 0.0025371848605573177 190
1653811628092 0.0023382864892482758 191
1653811704429 0.00020707034855149686 192
1653811780604 0.0002559988934081048 193
1653811856931 0.0046493178233504295 194
1653811934348 0.001861767377704382 195
1653812011008 0.0023683432955294847 196
1653812087983 0.002709019696339965 197
1653812164811 0.00041000923374667764 198
1653812241653 0.006418059580028057 199
1653812318653 0.0007412266568280756 200
1653812395689 0.011283772997558117 201
1653812472609 0.00028026814106851816 202
1653812549439 0.017017077654600143 203
1653812626367 0.03471522405743599 204
1653812703252 0.0014452137984335423 205
1653812780124 0.0008383047534152865 206
1653812856906 0.04847288876771927 207
1653812933715 0.03350217640399933 208
1653813010674 0.007790856994688511 209
1653813088376 0.01981741189956665 210
1653813165230 0.0043314676731824875 211
1653813242006 0.001825152081437409 212
1653813318912 0.06659656018018723 213
1653813395783 0.000847800460178405 214
1653813472746 0.011779941618442535 215
1653813549429 0.0024142698384821415 216
1653813626211 0.0061384630389511585 217
1653813702937 0.0003802799910772592 218
1653813782674 0.010682633146643639 219
1653813861786 0.01142025738954544 220
1653813941725 0.01083109900355339 221
1653814021482 0.0051452843472361565 222
1653814101357 6.15135213593021e-05 223
1653814181079 0.01198102068156004 224
1653814264107 0.04083405062556267 225
1653814354387 0.0006112867849878967 226
1653814450459 0.04173245280981064 227
1653814546243 0.0106666199862957 228
1653814641606 0.0031809601932764053 229
1653814731263 0.0012855103705078363 230
1653814821645 0.0004482370859477669 231
1653814911993 0.0019827543292194605 232
1653815003958 0.002995520830154419 233
1653815096435 0.0016061440110206604 234
1653815190383 0.0027422166895121336 235
1653815286049 0.0065162088721990585 236
1653815376969 0.042042188346385956 237
1653815468350 0.00019014407007489353 238
1653815560232 0.0007471918361261487 239
1653815652794 0.006204462610185146 240
1653815744132 0.013799208216369152 241
1653815834576 0.0006566201918758452 242
1653815926748 0.0005747168324887753 243
1653816017557 0.017458107322454453 244
1653816108719 0.002046409994363785 245
1653816199788 0.0013747233897447586 246
1653816290639 0.0003612644213717431 247
1653816381013 0.0011115947272628546 248
1653816471868 0.003898720955476165 249
1653816562915 0.012182863429188728 250
1653816655723 0.0012435957323759794 251
1653816748350 0.0018213018774986267 252
1653816847455 0.0028851504903286695 253
1653816946677 0.012818459421396255 254
1653817046901 0.0002597853308543563 255
1653817148039 0.03378566354513168 256
1653817249098 0.00173110980540514 257
1653817347218 0.009304815903306007 258
1653817442309 0.0010298574343323708 259
1653817539010 0.00043544365325942636 260
1653817630224 0.0017916579963639379 261
1653817721225 0.0011256455909460783 262
1653817812347 0.0016695567173883319 263
1653817902803 0.0022039050236344337 264
1653817993057 0.0037654293701052666 265
1653818085119 0.000863665365613997 266
1653818175870 0.010411093942821026 267
1653818270657 0.0004985596751794219 268
1653818360969 0.00917107705026865 269
1653818453942 0.003767196089029312 270
1653818545519 0.0005617960123345256 271
1653818636751 0.0013642258709296584 272
1653818727302 0.00012156063166912645 273
1653818817180 0.024709489196538925 274
1653818907775 0.00048336252802982926 275
1653818998549 0.00043963981443084776 276
1653819088681 0.000720600422937423 277
1653819178696 0.0011044441489502788 278
1653819269585 0.0004162726690992713 279
1653819359877 6.958522135391831e-05 280
1653819452111 0.0012079194420948625 281
1653819545150 0.00018058014393318444 282
1653819638390 0.005741538945585489 283
1653819729069 3.092177212238312e-05 284
1653819821254 0.0017190227517858148 285
1653819916073 0.00030894973315298557 286
1653820011025 0.0012382406275719404 287
1653820106210 0.0679832175374031 288
1653820201299 0.0033458180259913206 289
1653820296293 8.433723996859044e-05 290
1653820391750 0.012096097692847252 291
1653820486366 0.0012304934207350016 292
1653820581064 0.0018092331010848284 293
1653820675779 2.4166649382095784e-05 294
1653820770421 0.0031127282418310642 295
1653820864976 0.001159984734840691 296
1653820959685 0.01170080155134201 297
1653821056169 0.00025516352616250515 298
1653821148730 0.00294889765791595 299
