1653796931628 4.3314690589904785 0
1653797008978 4.996015548706055 1
1653797085356 3.89479660987854 2
1653797161767 3.6015467643737793 3
1653797238389 4.56479549407959 4
1653797314862 3.741217613220215 5
1653797391412 3.229064464569092 6
1653797468293 4.2601518630981445 7
1653797544908 3.8878397941589355 8
1653797621544 2.6795806884765625 9
1653797697970 9.154291152954102 10
1653797774517 4.418121337890625 11
1653797850970 4.577691078186035 12
1653797927480 3.4697823524475098 13
1653798003945 3.537867546081543 14
1653798081203 5.6689252853393555 15
1653798157889 6.039999008178711 16
1653798234500 5.024301528930664 17
1653798310957 4.855670928955078 18
1653798387558 3.2716734409332275 19
1653798464100 4.497725486755371 20
1653798540799 4.524145126342773 21
1653798617181 8.474663734436035 22
1653798693781 6.159438133239746 23
1653798770300 5.866724014282227 24
1653798846824 5.0621747970581055 25
1653798923467 5.5957183837890625 26
1653798999829 5.31106424331665 27
1653799076399 4.75646448135376 28
1653799152959 5.3898515701293945 29
1653799230287 4.713152885437012 30
1653799306790 5.457310676574707 31
1653799383451 7.660759925842285 32
1653799460006 4.1421709060668945 33
1653799536338 3.3338303565979004 34
1653799612992 7.98785400390625 35
1653799689657 5.446463584899902 36
1653799765953 5.278128623962402 37
1653799842358 4.706153392791748 38
1653799918701 7.533193588256836 39
1653799995321 6.135673522949219 40
1653800071860 6.21696662902832 41
1653800148494 6.312093257904053 42
1653800225094 7.928499221801758 43
1653800301779 5.1205339431762695 44
1653800379165 9.008844375610352 45
1653800455773 6.154611587524414 46
1653800532367 5.884892463684082 47
1653800609040 7.085537910461426 48
1653800685371 7.399330139160156 49
1653800762111 6.029084205627441 50
1653800838961 4.469623565673828 51
1653800915671 5.766083717346191 52
1653800992439 8.018875122070312 53
1653801069124 7.798164367675781 54
1653801145762 6.817156791687012 55
1653801222538 6.205516815185547 56
1653801299121 7.391164779663086 57
1653801375843 7.890999794006348 58
1653801452588 9.371424674987793 59
1653801530217 8.387694358825684 60
1653801607006 10.778604507446289 61
1653801684022 13.350282669067383 62
1653801760856 11.843294143676758 63
1653801837656 7.000445365905762 64
1653801914437 9.969569206237793 65
1653801991255 7.94419002532959 66
1653802068490 6.655165672302246 67
1653802145016 12.28028678894043 68
1653802221547 10.74219036102295 69
1653802297900 11.650522232055664 70
1653802374506 8.118290901184082 71
1653802451121 7.679965019226074 72
1653802527576 9.397306442260742 73
1653802604023 7.38231086730957 74
1653802681519 6.560542106628418 75
1653802758041 7.6435980796813965 76
1653802834715 6.545323848724365 77
1653802911183 6.503007888793945 78
1653802987747 6.3100199699401855 79
1653803064239 9.897780418395996 80
1653803140767 8.15150260925293 81
1653803217399 6.882280349731445 82
1653803293908 8.15103530883789 83
1653803370390 9.83858585357666 84
1653803447010 8.982611656188965 85
1653803523411 8.224977493286133 86
1653803599875 7.8361616134643555 87
1653803676475 6.3270978927612305 88
1653803753143 9.348617553710938 89
1653803830878 9.106689453125 90
1653803907794 9.968358993530273 91
1653803984488 8.29315185546875 92
1653804061118 15.20429801940918 93
1653804137979 7.546206951141357 94
1653804214701 11.448270797729492 95
1653804291442 13.16378116607666 96
1653804368325 7.500792503356934 97
1653804445244 9.4990873336792 98
1653804522019 17.69338607788086 99
1653804598608 9.685201644897461 100
1653804675225 9.105676651000977 101
1653804751841 12.268815040588379 102
1653804828392 15.493610382080078 103
1653804904919 13.53270435333252 104
1653804982779 7.790926933288574 105
1653805059629 8.288307189941406 106
1653805136285 7.699073791503906 107
1653805213095 11.804967880249023 108
1653805289992 9.001323699951172 109
1653805366931 8.932780265808105 110
1653805444013 12.705527305603027 111
1653805520793 7.577206611633301 112
1653805597768 6.336266040802002 113
1653805674531 11.293291091918945 114
1653805751295 30.3582763671875 115
1653805828024 7.416833877563477 116
1653805904817 15.455111503601074 117
1653805981871 9.399035453796387 118
1653806058666 10.587406158447266 119
1653806136231 7.232326507568359 120
1653806213165 8.058640480041504 121
1653806293171 7.392287254333496 122
1653806369943 6.14666223526001 123
1653806446809 8.475327491760254 124
1653806523766 8.837952613830566 125
1653806600632 14.210840225219727 126
1653806677966 11.181459426879883 127
1653806758355 7.6204729080200195 128
1653806838483 19.521440505981445 129
1653806919851 7.894381046295166 130
1653806999568 8.240860939025879 131
1653807079047 8.549278259277344 132
1653807157212 9.815338134765625 133
1653807234190 7.8232221603393555 134
1653807311878 5.772822380065918 135
1653807388844 7.07039737701416 136
1653807465806 5.6552934646606445 137
1653807542713 10.400921821594238 138
1653807619599 11.922588348388672 139
1653807696492 11.586067199707031 140
1653807773768 11.14445686340332 141
1653807855462 10.486770629882812 142
1653807936368 7.157925128936768 143
1653808013955 8.413185119628906 144
1653808092991 10.80948543548584 145
1653808173200 7.049684047698975 146
1653808253826 9.396080017089844 147
1653808332496 6.591484069824219 148
1653808409570 7.510695934295654 149
1653808487079 8.21192741394043 150
1653808563870 10.638792037963867 151
1653808640821 13.503023147583008 152
1653808718463 11.967317581176758 153
1653808795417 11.663694381713867 154
1653808871977 16.434326171875 155
1653808948800 7.6504621505737305 156
1653809025577 6.311026573181152 157
1653809102414 7.73262882232666 158
1653809179416 10.17674446105957 159
1653809256313 10.663371086120605 160
1653809333105 6.5445942878723145 161
1653809409906 6.231237888336182 162
1653809486726 10.802545547485352 163
1653809563541 13.173269271850586 164
1653809640632 16.31475067138672 165
1653809716880 9.309586524963379 166
1653809793178 6.645451545715332 167
1653809869549 9.74672794342041 168
1653809945785 8.039177894592285 169
1653810021938 7.2813401222229 170
1653810098201 7.361071586608887 171
1653810174564 5.837439060211182 172
1653810250900 8.030526161193848 173
1653810327063 8.245622634887695 174
1653810403291 9.164827346801758 175
1653810479566 7.563857078552246 176
1653810555826 7.600701332092285 177
1653810632077 6.614538192749023 178
1653810708252 11.437122344970703 179
1653810785306 11.220555305480957 180
1653810861654 6.919975280761719 181
1653810937956 9.427396774291992 182
1653811014729 11.620035171508789 183
1653811091583 10.660255432128906 184
1653811168338 6.890182018280029 185
1653811245031 8.331172943115234 186
1653811322146 8.484613418579102 187
1653811398621 8.093741416931152 188
1653811475102 12.520708084106445 189
1653811551637 8.288127899169922 190
1653811628099 8.163843154907227 191
1653811704435 11.952385902404785 192
1653811780610 18.09916114807129 193
1653811856938 7.669181823730469 194
1653811934354 7.629266738891602 195
1653812011014 10.591947555541992 196
1653812087990 7.770298957824707 197
1653812164817 9.893475532531738 198
1653812241659 6.637396812438965 199
1653812318659 15.351580619812012 200
1653812395694 14.591708183288574 201
1653812472615 9.741962432861328 202
1653812549446 8.597334861755371 203
1653812626373 7.882142543792725 204
1653812703259 8.426651000976562 205
1653812780131 9.316349029541016 206
1653812856912 7.571084022521973 207
1653812933720 6.03241491317749 208
1653813010680 8.193487167358398 209
1653813088382 4.89177131652832 210
1653813165236 7.809778213500977 211
1653813242013 10.948497772216797 212
1653813318918 13.898503303527832 213
1653813395789 9.088570594787598 214
1653813472752 10.675209999084473 215
1653813549436 11.34239387512207 216
1653813626217 7.494189739227295 217
1653813702944 12.104323387145996 218
1653813782681 8.556819915771484 219
1653813861792 7.273365497589111 220
1653813941732 6.694171905517578 221
1653814021488 7.935420513153076 222
1653814101364 13.23745346069336 223
1653814181084 7.258211135864258 224
1653814264114 12.152240753173828 225
1653814354396 9.406364440917969 226
1653814450470 8.591405868530273 227
1653814546253 12.189138412475586 228
1653814641616 8.87165641784668 229
1653814731272 8.706786155700684 230
1653814821654 10.745843887329102 231
1653814912002 9.3917875289917 232
1653815003968 10.680377006530762 233
1653815096445 8.602049827575684 234
1653815190391 9.571365356445312 235
1653815286057 9.325215339660645 236
1653815376977 6.588700294494629 237
1653815468360 14.228017807006836 238
1653815560239 8.893009185791016 239
1653815652802 6.951127529144287 240
1653815744142 7.11513614654541 241
1653815834586 9.164689064025879 242
1653815926758 9.56694221496582 243
1653816017566 10.285067558288574 244
1653816108727 7.925695419311523 245
1653816199796 10.142057418823242 246
1653816290648 8.990607261657715 247
1653816381023 8.037240982055664 248
1653816471876 9.959579467773438 249
1653816562926 7.391418933868408 250
1653816655731 9.119781494140625 251
1653816748361 10.406052589416504 252
1653816847466 11.037031173706055 253
1653816946688 16.298519134521484 254
1653817046912 10.92879867553711 255
1653817148051 7.83070707321167 256
1653817249107 9.036624908447266 257
1653817347228 6.549070835113525 258
1653817442315 9.652617454528809 259
1653817539019 10.887635231018066 260
1653817630233 11.33034896850586 261
1653817721234 9.035652160644531 262
1653817812359 7.882137298583984 263
1653817902814 9.113119125366211 264
1653817993066 9.176139831542969 265
1653818085128 9.55760383605957 266
1653818175878 9.086553573608398 267
1653818270666 13.59530258178711 268
1653818360978 9.083702087402344 269
1653818453953 7.772031784057617 270
1653818545529 8.828184127807617 271
1653818636759 8.62740707397461 272
1653818727310 11.567663192749023 273
1653818817191 9.767324447631836 274
1653818907786 11.914405822753906 275
1653818998559 10.056156158447266 276
1653819088690 15.706914901733398 277
1653819178706 8.236669540405273 278
1653819269595 11.211508750915527 279
1653819359885 12.971357345581055 280
1653819452121 9.885347366333008 281
1653819545160 11.71384048461914 282
1653819638400 14.917680740356445 283
1653819729077 13.705079078674316 284
1653819821264 9.379423141479492 285
1653819916083 12.938868522644043 286
1653820011036 9.109508514404297 287
1653820106220 9.982885360717773 288
1653820201310 15.40638542175293 289
1653820296303 11.154557228088379 290
1653820391760 10.950217247009277 291
1653820486375 8.00558090209961 292
1653820581074 10.562668800354004 293
1653820675788 15.379796981811523 294
1653820770431 10.148346900939941 295
1653820864986 9.993743896484375 296
1653820959694 6.6623616218566895 297
1653821056184 10.621697425842285 298
1653821148739 8.460321426391602 299
