1653796931620 57.882144927978516 0
1653797008971 78.73876190185547 1
1653797085348 67.8909683227539 2
1653797161760 60.81584167480469 3
1653797238380 78.39183807373047 4
1653797314854 67.04103088378906 5
1653797391403 63.599449157714844 6
1653797468284 69.37091827392578 7
1653797544900 66.85771179199219 8
1653797621536 59.57508850097656 9
1653797697960 66.44512939453125 10
1653797774508 72.08489227294922 11
1653797850961 64.25250244140625 12
1653797927472 63.77921676635742 13
1653798003937 57.309181213378906 14
1653798081194 65.05599975585938 15
1653798157881 64.3405532836914 16
1653798234492 67.00236511230469 17
1653798310949 60.89178466796875 18
1653798387547 58.008827209472656 19
1653798464091 64.02317810058594 20
1653798540790 61.39533233642578 21
1653798617172 64.48094177246094 22
1653798693773 64.80157470703125 23
1653798770292 62.7705078125 24
1653798846815 61.207462310791016 25
1653798923458 63.697540283203125 26
1653798999820 60.10597229003906 27
1653799076391 63.66694259643555 28
1653799152950 65.32080841064453 29
1653799230279 57.608795166015625 30
1653799306782 61.8018684387207 31
1653799383442 63.19037628173828 32
1653799459997 56.077030181884766 33
1653799536329 62.379695892333984 34
1653799612982 61.44505310058594 35
1653799689648 52.34090805053711 36
1653799765945 58.13056945800781 37
1653799842348 63.03360366821289 38
1653799918692 56.76652526855469 39
1653799995312 68.10221862792969 40
1653800071851 60.05586242675781 41
1653800148485 67.41648864746094 42
1653800225085 62.282745361328125 43
1653800301771 51.98288345336914 44
1653800379157 65.48601531982422 45
1653800455765 57.368865966796875 46
1653800532356 54.91933822631836 47
1653800609031 62.39145278930664 48
1653800685362 58.38356399536133 49
1653800762102 62.31215286254883 50
1653800838953 61.19805908203125 51
1653800915662 51.98910140991211 52
1653800992431 55.17617416381836 53
1653801069115 61.62169647216797 54
1653801145753 58.57986831665039 55
1653801222529 54.01323318481445 56
1653801299112 53.00226593017578 57
1653801375834 56.227325439453125 58
1653801452578 60.645694732666016 59
1653801530208 64.73121643066406 60
1653801606997 67.98814392089844 61
1653801684013 66.23455047607422 62
1653801760848 69.02577209472656 63
1653801837647 62.33652877807617 64
1653801914429 65.85476684570312 65
1653801991245 66.9916000366211 66
1653802068481 63.721893310546875 67
1653802145007 73.54244995117188 68
1653802221538 70.00350952148438 69
1653802297891 66.11259460449219 70
1653802374496 61.31239700317383 71
1653802451113 66.55793762207031 72
1653802527568 70.28373718261719 73
1653802604014 61.61742401123047 74
1653802681510 66.34439086914062 75
1653802758031 57.31258773803711 76
1653802834706 62.71868133544922 77
1653802911174 61.104400634765625 78
1653802987738 64.92701721191406 79
1653803064230 62.644012451171875 80
1653803140757 66.76423645019531 81
1653803217388 59.321441650390625 82
1653803293900 54.691139221191406 83
1653803370382 55.95964431762695 84
1653803447001 58.914825439453125 85
1653803523401 64.72303771972656 86
1653803599866 59.56999588012695 87
1653803676466 70.23125457763672 88
1653803753133 69.0684814453125 89
1653803830870 62.62600326538086 90
1653803907786 60.44029998779297 91
1653803984478 51.73554992675781 92
1653804061109 54.48292541503906 93
1653804137968 57.81434631347656 94
1653804214692 59.42400360107422 95
1653804291432 52.303001403808594 96
1653804368315 55.997154235839844 97
1653804445236 68.84464263916016 98
1653804522009 59.644065856933594 99
1653804598599 47.72547149658203 100
1653804675216 57.968658447265625 101
1653804751831 70.32240295410156 102
1653804828381 65.11392211914062 103
1653804904910 63.75520706176758 104
1653804982769 59.26722717285156 105
1653805059620 62.20814514160156 106
1653805136275 53.33208465576172 107
1653805213085 47.59771728515625 108
1653805289983 51.350067138671875 109
1653805366913 50.8719367980957 110
1653805444003 49.79121780395508 111
1653805520784 62.50748825073242 112
1653805597759 53.419525146484375 113
1653805674522 64.2861099243164 114
1653805751286 81.63935852050781 115
1653805828013 61.37994384765625 116
1653805904807 61.269290924072266 117
1653805981862 57.107322692871094 118
1653806058656 56.55303955078125 119
1653806136222 61.46275329589844 120
1653806213155 64.55178833007812 121
1653806293162 55.91773986816406 122
1653806369933 63.4072380065918 123
1653806446800 50.62647247314453 124
1653806523757 56.721492767333984 125
1653806600621 60.711639404296875 126
1653806677951 58.0828857421875 127
1653806758343 62.70061111450195 128
1653806838474 73.45252227783203 129
1653806919841 60.52354431152344 130
1653806999558 66.85946655273438 131
1653807079036 53.37391662597656 132
1653807157202 63.54850769042969 133
1653807234180 56.52256774902344 134
1653807311868 56.769203186035156 135
1653807388835 64.19512176513672 136
1653807465797 58.01673889160156 137
1653807542703 65.02027893066406 138
1653807619589 52.684226989746094 139
1653807696483 51.333858489990234 140
1653807773759 57.352935791015625 141
1653807855452 59.85921096801758 142
1653807936358 59.07949447631836 143
1653808013946 55.03641891479492 144
1653808092980 60.70878601074219 145
1653808173190 58.401092529296875 146
1653808253816 65.0107650756836 147
1653808332488 57.641319274902344 148
1653808409560 58.27444076538086 149
1653808487069 64.41144561767578 150
1653808563860 46.55231475830078 151
1653808640812 49.33208465576172 152
1653808718452 60.243896484375 153
1653808795408 59.425445556640625 154
1653808871967 55.83818817138672 155
1653808948790 61.899959564208984 156
1653809025568 56.379669189453125 157
1653809102403 55.589378356933594 158
1653809179406 62.14735412597656 159
1653809256305 58.791221618652344 160
1653809333096 59.54078674316406 161
1653809409897 58.83176040649414 162
1653809486716 50.679351806640625 163
1653809563532 59.825584411621094 164
1653809640623 60.70879364013672 165
1653809716870 54.38319778442383 166
1653809793166 55.03020477294922 167
1653809869536 48.83579635620117 168
1653809945776 56.71799850463867 169
1653810021929 51.088008880615234 170
1653810098191 58.50104904174805 171
1653810174554 54.10573959350586 172
1653810250891 56.89024353027344 173
1653810327052 59.01305389404297 174
1653810403280 56.700958251953125 175
1653810479557 47.43134689331055 176
1653810555817 56.97735595703125 177
1653810632068 59.497230529785156 178
1653810708241 52.88985824584961 179
1653810785297 63.12778854370117 180
1653810861645 61.14165496826172 181
1653810937945 58.452552795410156 182
1653811014719 56.807159423828125 183
1653811091573 51.16813659667969 184
1653811168327 58.76546859741211 185
1653811245022 57.46613311767578 186
1653811322136 59.586448669433594 187
1653811398611 50.875240325927734 188
1653811475093 58.15064239501953 189
1653811551628 60.052364349365234 190
1653811628087 60.330078125 191
1653811704425 49.37593460083008 192
1653811780600 54.33025360107422 193
1653811856927 47.06156921386719 194
1653811934344 55.70733642578125 195
1653812011005 53.296630859375 196
1653812087979 58.84490966796875 197
1653812164808 51.506141662597656 198
1653812241650 60.85794448852539 199
1653812318650 56.32663345336914 200
1653812395686 69.6478271484375 201
1653812472606 58.30583953857422 202
1653812549436 58.462825775146484 203
1653812626363 55.7452507019043 204
1653812703248 56.6702766418457 205
1653812780121 57.20189666748047 206
1653812856903 59.05746841430664 207
1653812933712 57.97520446777344 208
1653813010670 57.244911193847656 209
1653813088372 54.094879150390625 210
1653813165227 56.75224304199219 211
1653813242003 60.453189849853516 212
1653813318909 56.183231353759766 213
1653813395779 54.880950927734375 214
1653813472742 48.144317626953125 215
1653813549426 59.63098907470703 216
1653813626209 54.10999298095703 217
1653813702933 62.971656799316406 218
1653813782671 57.73107147216797 219
1653813861783 55.78707504272461 220
1653813941721 53.449928283691406 221
1653814021479 54.04880905151367 222
1653814101354 57.62025833129883 223
1653814181075 57.41973876953125 224
1653814264103 43.825294494628906 225
1653814354382 59.19471740722656 226
1653814450455 57.04302978515625 227
1653814546237 52.81513977050781 228
1653814641601 56.236053466796875 229
1653814731259 59.58559799194336 230
1653814821640 57.92314147949219 231
1653814911988 64.44368743896484 232
1653815003954 54.0224723815918 233
1653815096430 57.07144546508789 234
1653815190379 54.014774322509766 235
1653815286044 55.85834884643555 236
1653815376965 58.04920196533203 237
1653815468346 55.775184631347656 238
1653815560227 60.49107360839844 239
1653815652790 54.16242599487305 240
1653815744128 46.50789260864258 241
1653815834572 59.744140625 242
1653815926743 51.58113098144531 243
1653816017552 50.15739822387695 244
1653816108715 60.21409606933594 245
1653816199783 56.41046905517578 246
1653816290635 59.52050018310547 247
1653816381006 59.351348876953125 248
1653816471864 61.14773941040039 249
1653816562911 53.72017288208008 250
1653816655719 55.23964309692383 251
1653816748346 54.142765045166016 252
1653816847449 56.35069274902344 253
1653816946673 56.94845962524414 254
1653817046896 63.108062744140625 255
1653817148033 52.216651916503906 256
1653817249094 54.35139083862305 257
1653817347212 55.03176498413086 258
1653817442302 61.05265808105469 259
1653817539005 59.1456184387207 260
1653817630219 56.577850341796875 261
1653817721220 55.786014556884766 262
1653817812342 52.97532272338867 263
1653817902797 49.77007293701172 264
1653817993053 51.9067268371582 265
1653818085115 54.69342041015625 266
1653818175864 58.341270446777344 267
1653818270651 66.31741333007812 268
1653818360965 61.08405685424805 269
1653818453937 58.666038513183594 270
1653818545512 54.23255157470703 271
1653818636747 56.62736892700195 272
1653818727298 49.435569763183594 273
1653818817174 48.84266662597656 274
1653818907770 56.31836700439453 275
1653818998545 48.10960006713867 276
1653819088675 54.84319305419922 277
1653819178692 53.72027587890625 278
1653819269581 52.723236083984375 279
1653819359873 57.12385559082031 280
1653819452105 55.262168884277344 281
1653819545145 54.99589157104492 282
1653819638386 63.09876251220703 283
1653819729064 59.28086853027344 284
1653819821249 54.521385192871094 285
1653819916069 59.83816146850586 286
1653820011021 51.653038024902344 287
1653820106205 62.1270751953125 288
1653820201295 54.727882385253906 289
1653820296290 55.26790237426758 290
1653820391746 51.646148681640625 291
1653820486359 55.76862335205078 292
1653820581059 56.68872833251953 293
1653820675774 61.17063903808594 294
1653820770417 53.30021286010742 295
1653820864971 58.679622650146484 296
1653820959681 51.24341583251953 297
1653821056164 58.20122528076172 298
1653821148725 63.93157196044922 299
