1653796931625 0.5355067253112793 0
1653797008976 0.7374274730682373 1
1653797085354 0.6399617195129395 2
1653797161765 0.5721429586410522 3
1653797238386 0.7382704019546509 4
1653797314859 0.6329981684684753 5
1653797391409 0.6037038564682007 6
1653797468290 0.6511076092720032 7
1653797544906 0.6296987533569336 8
1653797621542 0.5689550638198853 9
1653797697967 0.5729084014892578 10
1653797774514 0.6766676902770996 11
1653797850967 0.5967481136322021 12
1653797927477 0.6030943393707275 13
1653798003943 0.5377131104469299 14
1653798081200 0.5938707590103149 15
1653798157887 0.5830055475234985 16
1653798234497 0.6197806596755981 17
1653798310955 0.5603611469268799 18
1653798387556 0.547371506690979 19
1653798464098 0.5952545404434204 20
1653798540796 0.5687118768692017 21
1653798617178 0.5600627660751343 22
1653798693779 0.5864213705062866 23
1653798770297 0.5690378546714783 24
1653798846821 0.5614528656005859 25
1653798923464 0.5810182094573975 26
1653798999826 0.5479490756988525 27
1653799076397 0.5891047716140747 28
1653799152956 0.5993095636367798 29
1653799230285 0.528956413269043 30
1653799306788 0.5634455680847168 31
1653799383448 0.5552961826324463 32
1653799460004 0.5193486213684082 33
1653799536336 0.5904586315155029 34
1653799612989 0.5345720052719116 35
1653799689654 0.4689444303512573 36
1653799765951 0.5285243988037109 37
1653799842355 0.5832744836807251 38
1653799918698 0.4923333525657654 39
1653799995318 0.6196655035018921 40
1653800071857 0.5383889675140381 41
1653800148491 0.6110439300537109 42
1653800225092 0.5435424447059631 43
1653800301776 0.4686235189437866 44
1653800379162 0.5647717118263245 45
1653800455771 0.512142539024353 46
1653800532364 0.49034446477890015 47
1653800609037 0.5530591607093811 48
1653800685368 0.5098423361778259 49
1653800762108 0.5628306865692139 50
1653800838959 0.567284345626831 51
1653800915669 0.4622301757335663 52
1653800992436 0.47157299518585205 53
1653801069121 0.5382353067398071 54
1653801145759 0.5176271200180054 55
1653801222535 0.4780771732330322 56
1653801299118 0.45611101388931274 57
1653801375840 0.4833632707595825 58
1653801452585 0.5127426981925964 59
1653801530214 0.5634351968765259 60
1653801607003 0.5720953941345215 61
1653801684019 0.5288426876068115 62
1653801760853 0.5718247890472412 63
1653801837653 0.5533608198165894 64
1653801914435 0.5588520169258118 65
1653801991252 0.5904741287231445 66
1653802068487 0.5706672668457031 67
1653802145013 0.6126216650009155 68
1653802221544 0.5926132202148438 69
1653802297898 0.54462069272995 70
1653802374503 0.5319410562515259 71
1653802451119 0.5887797474861145 72
1653802527574 0.6088643074035645 73
1653802604020 0.5423511266708374 74
1653802681516 0.5978384613990784 75
1653802758038 0.49668991565704346 76
1653802834712 0.561733603477478 77
1653802911180 0.5460139513015747 78
1653802987744 0.5861700177192688 79
1653803064236 0.5274623036384583 80
1653803140764 0.5861273407936096 81
1653803217395 0.5243916511535645 82
1653803293905 0.4654010534286499 83
1653803370388 0.46121057868003845 84
1653803447007 0.4993221163749695 85
1653803523407 0.5649806261062622 86
1653803599872 0.5173383355140686 87
1653803676472 0.6390416026115417 88
1653803753140 0.5971986055374146 89
1653803830875 0.535193145275116 90
1653803907792 0.5047193765640259 91
1653803984485 0.4344239830970764 92
1653804061115 0.39278626441955566 93
1653804137976 0.5026813745498657 94
1653804214699 0.47975730895996094 95
1653804291439 0.39139223098754883 96
1653804368322 0.484963595867157 97
1653804445242 0.5934555530548096 98
1653804522016 0.4195067882537842 99
1653804598605 0.38040268421173096 100
1653804675223 0.4886297881603241 101
1653804751838 0.580535888671875 102
1653804828388 0.49620312452316284 103
1653804904916 0.5022250413894653 104
1653804982776 0.5147629976272583 105
1653805059626 0.5391983985900879 106
1653805136281 0.4563301205635071 107
1653805213092 0.35792747139930725 108
1653805289989 0.42348742485046387 109
1653805366920 0.41939157247543335 110
1653805444010 0.3708568811416626 111
1653805520790 0.5493028163909912 112
1653805597765 0.47083258628845215 113
1653805674528 0.5299282073974609 114
1653805751293 0.5128107666969299 115
1653805828020 0.5396311283111572 116
1653805904814 0.4581417739391327 117
1653805981868 0.47708284854888916 118
1653806058663 0.45965632796287537 119
1653806136229 0.542304277420044 120
1653806213162 0.5649314522743225 121
1653806293168 0.48525452613830566 122
1653806369940 0.5726057291030884 123
1653806446806 0.4215114712715149 124
1653806523763 0.47883540391921997 125
1653806600629 0.4650079607963562 126
1653806677961 0.4690142273902893 127
1653806758350 0.5508013963699341 128
1653806838480 0.5393108129501343 129
1653806919847 0.5262916088104248 130
1653806999565 0.5861860513687134 131
1653807079044 0.44824638962745667 132
1653807157209 0.5373317003250122 133
1653807234187 0.4869934320449829 134
1653807311875 0.5099638104438782 135
1653807388841 0.5712472200393677 136
1653807465803 0.5236144661903381 137
1653807542710 0.546193540096283 138
1653807619596 0.40761637687683105 139
1653807696489 0.397477924823761 140
1653807773765 0.4620848000049591 141
1653807855459 0.49372440576553345 142
1653807936365 0.5192157030105591 143
1653808013952 0.4662323296070099 144
1653808092988 0.4989929795265198 145
1653808173197 0.5135141015052795 146
1653808253823 0.5561468601226807 147
1653808332493 0.5104983448982239 148
1653808409567 0.5076374411582947 149
1653808487076 0.5619951486587524 150
1653808563866 0.359135240316391 151
1653808640818 0.3582906126976013 152
1653808718459 0.4827658236026764 153
1653808795414 0.4776175022125244 154
1653808871974 0.3940386176109314 155
1653808948796 0.5424949526786804 156
1653809025574 0.5006864070892334 157
1653809102411 0.478567510843277 158
1653809179413 0.519706130027771 159
1653809256311 0.48127850890159607 160
1653809333102 0.5299619436264038 161
1653809409903 0.526005208492279 162
1653809486723 0.3987680673599243 163
1653809563539 0.4665231704711914 164
1653809640629 0.4439404308795929 165
1653809716877 0.4507361054420471 166
1653809793174 0.48384755849838257 167
1653809869545 0.3908906877040863 168
1653809945782 0.48678821325302124 169
1653810021935 0.43806666135787964 170
1653810098198 0.5113997459411621 171
1653810174560 0.4826829731464386 172
1653810250897 0.48859718441963196 173
1653810327059 0.5076743364334106 174
1653810403288 0.47536134719848633 175
1653810479563 0.398674875497818 176
1653810555823 0.49376654624938965 177
1653810632075 0.5288269519805908 178
1653810708248 0.41452735662460327 179
1653810785303 0.5190723538398743 180
1653810861651 0.5422167778015137 181
1653810937952 0.4902515411376953 182
1653811014726 0.45187124609947205 183
1653811091580 0.40507882833480835 184
1653811168334 0.5187528729438782 185
1653811245028 0.49134960770606995 186
1653811322143 0.5110183358192444 187
1653811398618 0.4278149902820587 188
1653811475099 0.4562993347644806 189
1653811551634 0.5176423788070679 190
1653811628095 0.5216623544692993 191
1653811704432 0.37423551082611084 192
1653811780607 0.36231091618537903 193
1653811856934 0.39392387866973877 194
1653811934351 0.4807807207107544 195
1653812011011 0.42704683542251587 196
1653812087987 0.5107461214065552 197
1653812164814 0.41612666845321655 198
1653812241656 0.5422054529190063 199
1653812318656 0.4097505211830139 200
1653812395692 0.5505611896514893 201
1653812472612 0.4856387674808502 202
1653812549443 0.49865490198135376 203
1653812626370 0.47863107919692993 204
1653812703256 0.48243626952171326 205
1653812780127 0.4788554608821869 206
1653812856909 0.5148638486862183 207
1653812933718 0.5194278955459595 208
1653813010678 0.49051421880722046 209
1653813088379 0.4920310974121094 210
1653813165233 0.4894246459007263 211
1653813242010 0.4950469136238098 212
1653813318915 0.42284727096557617 213
1653813395786 0.4579238295555115 214
1653813472749 0.37469106912612915 215
1653813549433 0.4828859567642212 216
1653813626214 0.46615803241729736 217
1653813702941 0.5086733102798462 218
1653813782677 0.4917425215244293 219
1653813861789 0.48513710498809814 220
1653813941729 0.46755754947662354 221
1653814021485 0.4611338675022125 222
1653814101360 0.4438280463218689 223
1653814181082 0.5016152858734131 224
1653814264111 0.3167305588722229 225
1653814354392 0.49788352847099304 226
1653814450463 0.4845162630081177 227
1653814546248 0.40626001358032227 228
1653814641610 0.473643958568573 229
1653814731269 0.5087881088256836 230
1653814821650 0.4717729389667511 231
1653814911997 0.5505189895629883 232
1653815003964 0.43342095613479614 233
1653815096440 0.4846939444541931 234
1653815190387 0.4444340765476227 235
1653815286053 0.4653313457965851 236
1653815376973 0.5146050453186035 237
1653815468355 0.4154716730117798 238
1653815560235 0.5159806609153748 239
1653815652798 0.4721130132675171 240
1653815744138 0.39392757415771484 241
1653815834582 0.5057945251464844 242
1653815926753 0.42014190554618835 243
1653816017561 0.398723304271698 244
1653816108723 0.5228840112686157 245
1653816199792 0.46268409490585327 246
1653816290644 0.505298912525177 247
1653816381018 0.5131410956382751 248
1653816471872 0.5118815898895264 249
1653816562920 0.4632875323295593 250
1653816655727 0.461198627948761 251
1653816748355 0.43736714124679565 252
1653816847461 0.4531366229057312 253
1653816946683 0.4064994156360626 254
1653817046907 0.5217926502227783 255
1653817148045 0.4438594579696655 256
1653817249102 0.45314764976501465 257
1653817347224 0.484826922416687 258
1653817442312 0.514000415802002 259
1653817539015 0.4825798571109772 260
1653817630229 0.45247501134872437 261
1653817721230 0.4675036072731018 262
1653817812353 0.4509318470954895 263
1653817902810 0.40656957030296326 264
1653817993062 0.4273058772087097 265
1653818085124 0.45135819911956787 266
1653818175874 0.4925471842288971 267
1653818270661 0.5272210836410522 268
1653818360973 0.5200035572052002 269
1653818453948 0.5089400410652161 270
1653818545524 0.4540436565876007 271
1653818636755 0.4799996018409729 272
1653818727306 0.3786790370941162 273
1653818817185 0.3907534182071686 274
1653818907780 0.44403961300849915 275
1653818998554 0.38053444027900696 276
1653819088686 0.3913628160953522 277
1653819178701 0.4548361003398895 278
1653819269590 0.4151172637939453 279
1653819359881 0.4415249824523926 280
1653819452116 0.45376819372177124 281
1653819545155 0.43282049894332886 282
1653819638395 0.4818108081817627 283
1653819729073 0.45575788617134094 284
1653819821259 0.4514196515083313 285
1653819916078 0.4689929187297821 286
1653820011030 0.42543530464172363 287
1653820106216 0.5214418768882751 288
1653820201303 0.39321500062942505 289
1653820296298 0.4411334693431854 290
1653820391755 0.40695929527282715 291
1653820486370 0.4776304364204407 292
1653820581068 0.4612606167793274 293
1653820675783 0.45790839195251465 294
1653820770427 0.43151867389678955 295
1653820864980 0.4868587851524353 296
1653820959690 0.44581055641174316 297
1653821056175 0.47579529881477356 298
1653821148735 0.5547125339508057 299
