1653758368586 0.0007234800141304731 0
1653758447967 0.00011405255645513535 1
1653758526670 0.514384925365448 2
1653758605200 0.09041738510131836 3
1653758683784 0.3612767457962036 4
1653758762431 0.05549302324652672 5
1653758840765 0.35187333822250366 6
1653758919515 0.24375776946544647 7
1653758998088 0.31881797313690186 8
1653759082878 0.11865659803152084 9
1653759185730 1.411392092704773 10
1653759280127 0.031342361122369766 11
1653759373174 1.0206223726272583 12
1653759466298 0.09333938360214233 13
1653759558793 0.4346482753753662 14
1653759651217 0.007061240263283253 15
1653759743924 0.011548331007361412 16
1653759836240 0.02773008868098259 17
1653759928946 0.09477469325065613 18
1653760021238 0.15659911930561066 19
1653760112304 0.058171987533569336 20
1653760205207 0.15431755781173706 21
1653760297732 0.1105797290802002 22
1653760390556 0.033164434134960175 23
1653760483639 0.10074658691883087 24
1653760576195 0.023742491379380226 25
1653760669576 0.316137433052063 26
1653760762995 0.029718881472945213 27
1653760859617 0.02675652876496315 28
1653760952383 0.008534402586519718 29
1653761046723 0.0544668510556221 30
1653761140602 0.07507003098726273 31
1653761233262 0.4152677655220032 32
1653761325683 0.050892047584056854 33
1653761418797 0.03282984346151352 34
1653761511867 0.040893130004405975 35
1653761604607 0.047434236854314804 36
1653761698196 0.011522961780428886 37
1653761791942 0.045181747525930405 38
1653761886374 0.05688865855336189 39
1653761978894 0.06556198745965958 40
1653762071353 0.48870986700057983 41
1653762163115 0.004303921479731798 42
1653762255723 0.0025817465502768755 43
1653762348133 0.07234712690114975 44
1653762441852 0.005043527111411095 45
1653762527885 0.28169000148773193 46
1653762609140 0.02543509379029274 47
1653762690474 0.011902706697583199 48
1653762771875 0.07742747664451599 49
1653762853411 0.0037171877920627594 50
1653762934737 0.038761772215366364 51
1653763016075 0.0022433071862906218 52
1653763097278 0.010892568156123161 53
1653763176791 0.1365918517112732 54
1653763256430 0.015098840929567814 55
1653763336118 0.000646887521725148 56
1653763415819 0.09030210226774216 57
1653763495485 0.044355154037475586 58
1653763575139 0.008919171057641506 59
1653763655481 0.04670184478163719 60
1653763735150 0.000941612699534744 61
1653763814856 0.009922745637595654 62
1653763894408 0.0063399444334208965 63
1653763974016 0.04618152603507042 64
1653764053548 0.5778265595436096 65
1653764133196 0.0015310302842408419 66
1653764212822 0.0003015777328982949 67
1653764292423 0.0007743315072730184 68
1653764373010 0.0015678959898650646 69
1653764452806 0.0017002057284116745 70
1653764532334 0.003393474966287613 71
1653764612027 0.0014232489047572017 72
1653764691675 0.006182099226862192 73
1653764771274 0.0023173424415290356 74
1653764851678 0.002923397347331047 75
1653764931737 0.0029515018686652184 76
1653765011396 0.0021793609485030174 77
1653765091009 0.0004947309498675168 78
1653765170736 0.004259044304490089 79
1653765250467 0.001142670982517302 80
1653765330201 0.0004683762963395566 81
1653765410213 0.0016799031291157007 82
1653765489911 0.00023720388708170503 83
1653765569658 0.00019289266492705792 84
1653765649343 0.002421183278784156 85
1653765729072 0.0010812922846525908 86
1653765808739 0.020097853615880013 87
1653765888552 0.0009096920257434249 88
1653765968357 0.0007618962554261088 89
1653766048819 0.0007394938147626817 90
1653766128610 0.0007717746193520725 91
1653766208354 0.0009026064071804285 92
1653766288202 0.00484991492703557 93
1653766368010 0.0008836124907247722 94
1653766447804 0.000500206951983273 95
1653766527676 0.010882629081606865 96
1653766607480 0.006305062212049961 97
1653766687236 0.0004684861924033612 98
1653766767065 0.0016625935677438974 99
1653766846795 0.09685350209474564 100
1653766926480 0.012016517110168934 101
1653767006260 0.0007849540561437607 102
1653767086014 0.0028414237312972546 103
1653767165879 0.007946956902742386 104
1653767246424 0.01078199502080679 105
1653767326082 0.002258327091112733 106
1653767405673 0.001097758999094367 107
1653767485418 0.03590758517384529 108
1653767565193 0.051609937101602554 109
1653767645010 0.1328042596578598 110
1653767724755 0.0039668334648013115 111
1653767804615 0.004132762085646391 112
1653767884262 0.014357796870172024 113
1653767964018 0.0004979444784112275 114
1653768043629 0.02110394276678562 115
1653768123306 0.0008243637275882065 116
1653768203083 0.002072328934445977 117
1653768282852 0.00667490903288126 118
1653768362672 0.0026950824540108442 119
1653768443079 0.0005091852508485317 120
1653768522741 0.012373574078083038 121
1653768602481 0.007057014852762222 122
1653768682275 0.0030888323672115803 123
1653768762065 0.0008156996918842196 124
1653768841795 0.0136214355006814 125
1653768921736 0.014124034903943539 126
1653769001535 0.010146704502403736 127
1653769081270 0.0028561281505972147 128
1653769161075 0.0027255446184426546 129
1653769240844 0.0018346323631703854 130
1653769320543 0.138153076171875 131
1653769400270 0.0012312140315771103 132
1653769480065 0.005527893081307411 133
1653769559728 0.000373442773707211 134
1653769640194 0.0028543893713504076 135
1653769719854 0.0055791353806853294 136
1653769799569 0.0008588957134634256 137
1653769879556 0.005719469860196114 138
1653769959349 0.0005095398519188166 139
1653770039139 0.009306280873715878 140
1653770118884 0.010503710247576237 141
1653770199087 0.0028188012074679136 142
1653770278897 0.0009223922970704734 143
1653770358730 0.0023013765458017588 144
1653770438554 0.0360555499792099 145
1653770518300 0.0016534540336579084 146
1653770598077 0.0035109820310026407 147
1653770677822 0.01833392307162285 148
1653770757616 0.02505478635430336 149
1653770838064 0.0020268040243536234 150
1653770917832 0.0014227369101718068 151
1653770997664 0.0032724537886679173 152
1653771077355 0.0025951385032385588 153
1653771157071 0.004406426101922989 154
1653771236871 0.0024013693910092115 155
1653771316423 0.02212822251021862 156
1653771396208 0.0009855569805949926 157
1653771475856 0.001224516425281763 158
1653771555672 0.0005667334189638495 159
1653771635416 0.000286810623947531 160
1653771715191 0.0007405990036204457 161
1653771794925 0.0025677739176899195 162
1653771875997 0.0007300220313481987 163
1653771956334 0.05573202669620514 164
1653772037026 0.0269659124314785 165
1653772116129 0.016755711287260056 166
1653772196950 0.08007095009088516 167
