1653758368591 7.738302230834961 0
1653758447972 9.460493087768555 1
1653758526675 6.315629959106445 2
1653758605206 4.2368879318237305 3
1653758683789 4.289843559265137 4
1653758762436 4.12035608291626 5
1653758840769 2.6051511764526367 6
1653758919520 3.5238776206970215 7
1653758998094 2.3407552242279053 8
1653759082884 3.6840429306030273 9
1653759185737 7.206211090087891 10
1653759280134 4.682977676391602 11
1653759373184 1.7235898971557617 12
1653759466306 4.338043212890625 13
1653759558801 5.047515869140625 14
1653759651223 5.507979393005371 15
1653759743934 5.637663841247559 16
1653759836248 9.823253631591797 17
1653759928954 4.423456192016602 18
1653760021248 4.396373748779297 19
1653760112311 6.526928901672363 20
1653760205213 5.478377342224121 21
1653760297739 4.898719310760498 22
1653760390562 5.224169731140137 23
1653760483647 5.196734428405762 24
1653760576204 5.977688789367676 25
1653760669584 6.422817230224609 26
1653760763003 6.071987152099609 27
1653760859624 3.8725481033325195 28
1653760952392 6.092132568359375 29
1653761046732 6.203432083129883 30
1653761140608 6.0370707511901855 31
1653761233270 7.997518539428711 32
1653761325694 4.877460479736328 33
1653761418804 4.959923267364502 34
1653761511874 8.096981048583984 35
1653761604613 4.639755725860596 36
1653761698205 6.296648979187012 37
1653761791949 6.628742218017578 38
1653761886381 7.2799506187438965 39
1653761978902 4.525842666625977 40
1653762071361 13.659818649291992 41
1653762163123 6.991704940795898 42
1653762255732 7.566659927368164 43
1653762348140 4.112209320068359 44
1653762441861 9.39501953125 45
1653762527891 4.975617408752441 46
1653762609146 6.073905944824219 47
1653762690480 8.029960632324219 48
1653762771880 5.421526908874512 49
1653762853417 7.38972282409668 50
1653762934742 5.707023620605469 51
1653763016081 8.927999496459961 52
1653763097284 6.747250080108643 53
1653763176796 6.302792072296143 54
1653763256435 5.644621849060059 55
1653763336123 8.780559539794922 56
1653763415824 5.457101345062256 57
1653763495491 6.580780029296875 58
1653763575144 6.955885887145996 59
1653763655487 5.577380657196045 60
1653763735157 8.709548950195312 61
1653763814861 6.376605033874512 62
1653763894413 6.111059188842773 63
1653763974022 5.843209743499756 64
1653764053554 4.584983825683594 65
1653764133203 11.229303359985352 66
1653764212828 9.393924713134766 67
1653764292429 9.148336410522461 68
1653764373016 15.560050964355469 69
1653764452812 13.358234405517578 70
1653764532341 7.957233428955078 71
1653764612033 7.845621109008789 72
1653764691681 8.82779598236084 73
1653764771280 8.972450256347656 74
1653764851684 9.175703048706055 75
1653764931743 8.265148162841797 76
1653765011402 10.14965534210205 77
1653765091015 11.339483261108398 78
1653765170742 7.406106472015381 79
1653765250473 8.52064323425293 80
1653765330207 9.617660522460938 81
1653765410219 7.72462272644043 82
1653765489917 10.934104919433594 83
1653765569664 12.398805618286133 84
1653765649348 8.455455780029297 85
1653765729077 9.818431854248047 86
1653765808745 9.061747550964355 87
1653765888557 8.728550910949707 88
1653765968364 8.418510437011719 89
1653766048825 10.691650390625 90
1653766128616 8.544456481933594 91
1653766208360 9.582554817199707 92
1653766288209 11.574507713317871 93
1653766368016 8.817325592041016 94
1653766447809 13.561904907226562 95
1653766527681 6.996427059173584 96
1653766607485 6.235572814941406 97
1653766687242 9.541069984436035 98
1653766767071 9.154359817504883 99
1653766846801 10.584586143493652 100
1653766926486 7.061302185058594 101
1653767006265 11.01089096069336 102
1653767086019 8.507349014282227 103
1653767165885 5.827815055847168 104
1653767246430 7.7192888259887695 105
1653767326088 8.857929229736328 106
1653767405679 8.386411666870117 107
1653767485424 6.035591125488281 108
1653767565199 6.441271781921387 109
1653767645017 13.720390319824219 110
1653767724762 12.453554153442383 111
1653767804621 11.660188674926758 112
1653767884269 6.6543121337890625 113
1653767964024 10.685931205749512 114
1653768043636 6.967108726501465 115
1653768123313 11.170270919799805 116
1653768203090 14.37828254699707 117
1653768282858 6.5046539306640625 118
1653768362678 7.4591288566589355 119
1653768443086 11.146261215209961 120
1653768522747 6.745594024658203 121
1653768602487 7.457456588745117 122
1653768682281 7.176265716552734 123
1653768762071 12.267929077148438 124
1653768841801 6.258159637451172 125
1653768921742 9.04825496673584 126
1653769001541 14.093725204467773 127
1653769081276 8.343851089477539 128
1653769161081 8.755985260009766 129
1653769240851 8.384023666381836 130
1653769320549 22.634199142456055 131
1653769400275 11.818119049072266 132
1653769480071 9.38046932220459 133
1653769559734 10.458489418029785 134
1653769640199 7.345847129821777 135
1653769719860 8.480426788330078 136
1653769799574 11.772455215454102 137
1653769879562 6.700263977050781 138
1653769959356 16.02897834777832 139
1653770039144 6.456584930419922 140
1653770118890 10.008247375488281 141
1653770199093 8.454228401184082 142
1653770278903 13.282258987426758 143
1653770358735 8.047811508178711 144
1653770438559 6.326798439025879 145
1653770518307 11.587860107421875 146
1653770598084 13.844161987304688 147
1653770677828 8.768580436706543 148
1653770757622 8.051090240478516 149
1653770838071 9.658452033996582 150
1653770917838 8.543065071105957 151
1653770997670 8.696022033691406 152
1653771077363 7.442894458770752 153
1653771157077 8.019164085388184 154
1653771236877 11.694083213806152 155
1653771316429 10.780278205871582 156
1653771396213 9.565133094787598 157
1653771475862 8.932449340820312 158
1653771555679 25.911582946777344 159
1653771635422 10.668822288513184 160
1653771715197 10.200665473937988 161
1653771794933 9.580947875976562 162
1653771876003 11.131014823913574 163
1653771956340 6.699254035949707 164
1653772037032 8.089842796325684 165
1653772116135 7.889801979064941 166
1653772196955 10.367883682250977 167
