1653758368583 52.92027282714844 0
1653758447964 63.403602600097656 1
1653758526667 55.22417449951172 2
1653758605197 62.10800552368164 3
1653758683781 68.25753784179688 4
1653758762428 63.44868850708008 5
1653758840761 65.78621673583984 6
1653758919512 59.218299865722656 7
1653758998085 63.63409423828125 8
1653759082874 70.45594024658203 9
1653759185727 76.23194885253906 10
1653759280122 68.93933868408203 11
1653759373170 62.3719367980957 12
1653759466294 66.58392333984375 13
1653759558788 65.0199203491211 14
1653759651214 67.49773406982422 15
1653759743920 72.30316925048828 16
1653759836236 73.25091552734375 17
1653759928941 65.26383972167969 18
1653760021233 56.46149444580078 19
1653760112297 63.38321304321289 20
1653760205202 59.55586242675781 21
1653760297729 61.02944564819336 22
1653760390552 62.71811294555664 23
1653760483633 64.17404174804688 24
1653760576191 57.47067642211914 25
1653760669572 64.59696960449219 26
1653760762990 60.95460891723633 27
1653760859614 59.055564880371094 28
1653760952378 61.8625373840332 29
1653761046720 64.62641906738281 30
1653761140597 61.66349792480469 31
1653761233259 63.61419677734375 32
1653761325680 59.919612884521484 33
1653761418793 62.73094940185547 34
1653761511862 67.19883728027344 35
1653761604604 60.2091178894043 36
1653761698192 62.37702560424805 37
1653761791938 57.92612075805664 38
1653761886370 55.248634338378906 39
1653761978890 56.316123962402344 40
1653762071349 64.81709289550781 41
1653762163111 60.039146423339844 42
1653762255719 62.869842529296875 43
1653762348128 63.60104751586914 44
1653762441847 62.823062896728516 45
1653762527882 52.72443389892578 46
1653762609137 51.66402053833008 47
1653762690471 50.94666290283203 48
1653762771872 48.76136016845703 49
1653762853408 60.32768249511719 50
1653762934734 58.004329681396484 51
1653763016072 53.52068328857422 52
1653763097275 60.000572204589844 53
1653763176788 57.38881301879883 54
1653763256427 56.865516662597656 55
1653763336115 61.5657844543457 56
1653763415816 57.7838020324707 57
1653763495482 57.31232452392578 58
1653763575136 61.000343322753906 59
1653763655478 55.04417037963867 60
1653763735147 61.80641555786133 61
1653763814853 62.87215805053711 62
1653763894405 55.00010681152344 63
1653763974013 59.22754669189453 64
1653764053545 52.212398529052734 65
1653764133192 64.19867706298828 66
1653764212819 62.34013366699219 67
1653764292420 75.15679931640625 68
1653764373006 73.60624694824219 69
1653764452803 68.13182067871094 70
1653764532330 67.03070068359375 71
1653764612024 69.86580657958984 72
1653764691672 58.60826873779297 73
1653764771271 61.194583892822266 74
1653764851675 60.641265869140625 75
1653764931734 56.4324951171875 76
1653765011393 49.305030822753906 77
1653765091005 62.499847412109375 78
1653765170733 59.33382034301758 79
1653765250465 55.190338134765625 80
1653765330198 62.69455337524414 81
1653765410211 65.11149597167969 82
1653765489908 61.53177261352539 83
1653765569655 61.83808898925781 84
1653765649339 59.96687316894531 85
1653765729068 58.24476623535156 86
1653765808736 62.967979431152344 87
1653765888549 61.01213455200195 88
1653765968353 56.94740295410156 89
1653766048816 65.28298950195312 90
1653766128607 50.10244369506836 91
1653766208351 61.56792068481445 92
1653766288199 74.71968841552734 93
1653766368006 59.47651672363281 94
1653766447801 54.36861038208008 95
1653766527673 57.834800720214844 96
1653766607476 58.20781707763672 97
1653766687232 62.357887268066406 98
1653766767062 52.225502014160156 99
1653766846792 49.11064529418945 100
1653766926477 57.89898681640625 101
1653767006256 58.39740753173828 102
1653767086010 56.270973205566406 103
1653767165876 57.461341857910156 104
1653767246420 59.2720947265625 105
1653767326079 57.38414001464844 106
1653767405670 59.483909606933594 107
1653767485414 56.61981201171875 108
1653767565190 57.413360595703125 109
1653767645006 57.00252914428711 110
1653767724752 53.97503662109375 111
1653767804612 59.00335693359375 112
1653767884259 55.75300598144531 113
1653767964015 51.697269439697266 114
1653768043626 60.272308349609375 115
1653768123302 55.316162109375 116
1653768203079 65.5630111694336 117
1653768282849 56.87773895263672 118
1653768362668 56.647216796875 119
1653768443076 47.902679443359375 120
1653768522738 62.6366081237793 121
1653768602478 54.69122314453125 122
1653768682271 59.98576736450195 123
1653768762061 61.93553924560547 124
1653768841792 57.2446403503418 125
1653768921733 53.368370056152344 126
1653769001532 53.72614288330078 127
1653769081267 60.816070556640625 128
1653769161072 36.863059997558594 129
1653769240841 64.20589447021484 130
1653769320540 76.1073226928711 131
1653769400267 56.53959655761719 132
1653769480062 59.61730194091797 133
1653769559725 55.814971923828125 134
1653769640191 60.91496276855469 135
1653769719851 43.126014709472656 136
1653769799565 50.553993225097656 137
1653769879553 61.924198150634766 138
1653769959346 65.72195434570312 139
1653770039136 58.60136413574219 140
1653770118880 62.52926254272461 141
1653770199084 53.85791778564453 142
1653770278894 57.24309539794922 143
1653770358726 54.606109619140625 144
1653770438550 57.55596923828125 145
1653770518296 67.4005126953125 146
1653770598074 65.35619354248047 147
1653770677818 55.85182189941406 148
1653770757613 60.64873123168945 149
1653770838061 51.117862701416016 150
1653770917829 44.949302673339844 151
1653770997660 61.86692810058594 152
1653771077351 43.5715446472168 153
1653771157067 55.0955810546875 154
1653771236868 54.579811096191406 155
1653771316420 63.43572235107422 156
1653771396204 52.00337219238281 157
1653771475853 50.747833251953125 158
1653771555669 74.91006469726562 159
1653771635413 67.08342742919922 160
1653771715187 56.6937255859375 161
1653771794922 58.00679016113281 162
1653771875994 55.69510269165039 163
1653771956331 55.28146743774414 164
1653772037022 54.18813705444336 165
1653772116126 55.87746047973633 166
1653772196946 61.46898651123047 167
