1653758368589 0.4518197178840637 0
1653758447970 0.539431095123291 1
1653758526672 0.48908543586730957 2
1653758605203 0.5787111520767212 3
1653758683786 0.6396769285202026 4
1653758762434 0.5932832956314087 5
1653758840767 0.6318106651306152 6
1653758919517 0.5569442510604858 7
1653758998091 0.6129333972930908 8
1653759082881 0.6677189469337463 9
1653759185734 0.6902574300765991 10
1653759280131 0.6425636410713196 11
1653759373178 0.6064834594726562 12
1653759466302 0.6224587559700012 13
1653759558797 0.5997240543365479 14
1653759651221 0.6198975443840027 15
1653759743928 0.6666550636291504 16
1653759836244 0.6342766284942627 17
1653759928950 0.6084038019180298 18
1653760021244 0.5206512212753296 19
1653760112307 0.5685628652572632 20
1653760205210 0.5407748222351074 21
1653760297735 0.5613072514533997 22
1653760390558 0.5749394297599792 23
1653760483643 0.5897731184959412 24
1653760576200 0.5149298906326294 25
1653760669580 0.5817415714263916 26
1653760762999 0.5488262176513672 27
1653760859620 0.5518301725387573 28
1653760952388 0.5577040314674377 29
1653761046727 0.5842298865318298 30
1653761140605 0.5562642812728882 31
1653761233266 0.5561667680740356 32
1653761325688 0.5504215359687805 33
1653761418800 0.5777102708816528 34
1653761511870 0.5910186171531677 35
1653761604610 0.5556936264038086 36
1653761698201 0.5608037710189819 37
1653761791945 0.5129737854003906 38
1653761886378 0.4796868562698364 39
1653761978898 0.5179028511047363 40
1653762071358 0.5115727782249451 41
1653762163119 0.5304744243621826 42
1653762255729 0.5530318021774292 43
1653762348137 0.5948883891105652 44
1653762441857 0.5342804193496704 45
1653762527888 0.4774881601333618 46
1653762609143 0.4559011459350586 47
1653762690477 0.4291670322418213 48
1653762771878 0.4333983063697815 49
1653762853414 0.5293796062469482 50
1653762934740 0.5229730606079102 51
1653763016078 0.44592684507369995 52
1653763097281 0.5325332283973694 53
1653763176794 0.5108602046966553 54
1653763256433 0.5122089385986328 55
1653763336121 0.5278522372245789 56
1653763415822 0.5232670307159424 57
1653763495488 0.507315456867218 58
1653763575141 0.540444552898407 59
1653763655484 0.4946678876876831 60
1653763735154 0.5309686660766602 61
1653763814858 0.5649555325508118 62
1653763894411 0.4888904392719269 63
1653763974019 0.5338433980941772 64
1653764053551 0.47627413272857666 65
1653764133199 0.5296937227249146 66
1653764212825 0.5294620990753174 67
1653764292426 0.66008460521698 68
1653764373013 0.5804619789123535 69
1653764452810 0.5477358102798462 70
1653764532337 0.5907347202301025 71
1653764612030 0.6202018857002258 72
1653764691678 0.4978047013282776 73
1653764771277 0.5222213268280029 74
1653764851681 0.5146556496620178 75
1653764931740 0.4816734790802002 76
1653765011399 0.39155375957489014 77
1653765091012 0.5116036534309387 78
1653765170739 0.5192771553993225 79
1653765250470 0.46669691801071167 80
1653765330204 0.5307689309120178 81
1653765410216 0.5738687515258789 82
1653765489914 0.505976676940918 83
1653765569661 0.4943928122520447 84
1653765649346 0.5151141881942749 85
1653765729074 0.4842633605003357 86
1653765808742 0.5390623211860657 87
1653765888555 0.5228358507156372 88
1653765968360 0.48528891801834106 89
1653766048822 0.5459133386611938 90
1653766128613 0.4155798852443695 91
1653766208357 0.5198536515235901 92
1653766288206 0.6314518451690674 93
1653766368013 0.5065919160842896 94
1653766447807 0.4080670475959778 95
1653766527679 0.5083837509155273 96
1653766607482 0.5197224617004395 97
1653766687239 0.5281682014465332 98
1653766767068 0.43071144819259644 99
1653766846798 0.38526058197021484 100
1653766926483 0.5083768367767334 101
1653767006262 0.47386518120765686 102
1653767086016 0.47763627767562866 103
1653767165882 0.5163352489471436 104
1653767246427 0.5155280828475952 105
1653767326085 0.4852621257305145 106
1653767405676 0.5109750032424927 107
1653767485421 0.5058422088623047 108
1653767565196 0.5097208619117737 109
1653767645014 0.4328213930130005 110
1653767724759 0.4152148365974426 111
1653767804618 0.47343167662620544 112
1653767884265 0.4909869432449341 113
1653767964021 0.4101133644580841 114
1653768043632 0.5330519676208496 115
1653768123309 0.44145894050598145 116
1653768203086 0.5118472576141357 117
1653768282855 0.503730833530426 118
1653768362675 0.4918808937072754 119
1653768443083 0.36756420135498047 120
1653768522744 0.5589101314544678 121
1653768602484 0.47233766317367554 122
1653768682278 0.528095006942749 123
1653768762068 0.49667611718177795 124
1653768841799 0.5098648071289062 125
1653768921740 0.4432011544704437 126
1653769001538 0.39632418751716614 127
1653769081273 0.524722158908844 128
1653769161078 0.2810707688331604 129
1653769240847 0.5582187175750732 130
1653769320546 0.5347312092781067 131
1653769400273 0.4472147822380066 132
1653769480068 0.5023683309555054 133
1653769559731 0.4535648226737976 134
1653769640197 0.5356911420822144 135
1653769719857 0.3464558720588684 136
1653769799572 0.38781535625457764 137
1653769879558 0.5522393584251404 138
1653769959353 0.496929794549942 139
1653770039142 0.5214477777481079 140
1653770118887 0.5252101421356201 141
1653770199090 0.4540368914604187 142
1653770278900 0.4396083950996399 143
1653770358733 0.4655829668045044 144
1653770438556 0.5122917294502258 145
1653770518304 0.5581265091896057 146
1653770598081 0.5151203274726868 147
1653770677825 0.4708324074745178 148
1653770757619 0.5259764194488525 149
1653770838068 0.4145941138267517 150
1653770917835 0.3640623986721039 151
1653770997667 0.5317090749740601 152
1653771077359 0.3612864911556244 153
1653771157074 0.47076416015625 154
1653771236874 0.4288572669029236 155
1653771316426 0.5265544652938843 156
1653771396211 0.42438238859176636 157
1653771475859 0.4181538224220276 158
1653771555675 0.4899848401546478 159
1653771635419 0.5641460418701172 160
1653771715194 0.46493059396743774 161
1653771794929 0.48425841331481934 162
1653771876000 0.4456408619880676 163
1653771956337 0.4858221411705017 164
1653772037028 0.46098291873931885 165
1653772116132 0.4798765778541565 166
1653772196952 0.511011004447937 167
