1653894048910 1.33823561668396 0
1653894133361 0.9264475703239441 1
1653894217087 1.0188161134719849 2
1653894302467 1.4507801532745361 3
1653894396032 0.47517818212509155 4
1653894495156 1.1633483171463013 5
1653894590473 1.1108107566833496 6
1653894686599 1.0368907451629639 7
1653894780920 1.174576997756958 8
1653894873716 2.2285265922546387 9
1653894967709 1.4340943098068237 10
1653895062371 0.7595680356025696 11
1653895156748 0.5924191474914551 12
1653895250849 0.5328278541564941 13
1653895344865 1.068861961364746 14
1653895439873 1.2942118644714355 15
1653895536257 0.8475658893585205 16
1653895629949 0.9170546531677246 17
1653895726961 0.49999117851257324 18
1653895828168 0.48011332750320435 19
1653895926704 0.5158042311668396 20
1653896023560 0.31494659185409546 21
1653896121075 0.83193039894104 22
1653896218854 2.3280229568481445 23
1653896314920 0.5843555331230164 24
1653896411094 1.049105167388916 25
1653896508467 0.42949265241622925 26
1653896602918 0.3307090103626251 27
1653896697995 0.36384356021881104 28
1653896793322 0.2714698910713196 29
1653896890943 0.19472239911556244 30
1653896989457 0.2511989176273346 31
1653897084957 0.12166216224431992 32
1653897179178 0.5681689977645874 33
1653897260985 0.5004575848579407 34
1653897340784 0.8130305409431458 35
1653897424334 0.47763821482658386 36
1653897506995 0.13952919840812683 37
1653897596047 0.18756569921970367 38
1653897686510 0.5871873497962952 39
1653897775948 0.09011467546224594 40
1653897864748 0.7419428825378418 41
1653897954314 1.2450157403945923 42
1653898044266 0.773348867893219 43
1653898131459 0.6333209276199341 44
1653898219647 0.2855372130870819 45
1653898305449 0.1293603479862213 46
1653898393183 0.1322389543056488 47
1653898481825 0.7711527943611145 48
1653898567706 1.6146184206008911 49
1653898654629 0.07679075002670288 50
1653898740715 1.0202045440673828 51
1653898825153 0.1242496445775032 52
1653898907817 0.12312430888414383 53
1653898990611 0.1599966287612915 54
1653899076621 0.15339654684066772 55
1653899159767 0.2788113057613373 56
1653899242807 0.03729410469532013 57
1653899327942 0.07683196663856506 58
1653899413068 0.6001749038696289 59
1653899500091 0.46135976910591125 60
1653899584477 0.26332342624664307 61
1653899671529 1.9756224155426025 62
1653899755905 0.30759376287460327 63
1653899843547 0.3046209216117859 64
1653899933505 0.24065953493118286 65
1653900021292 1.1273366212844849 66
1653900107011 1.2549232244491577 67
1653900191127 0.3571276068687439 68
1653900276147 0.508879542350769 69
1653900361604 0.5361337661743164 70
1653900448927 0.5189314484596252 71
1653900537199 0.12649619579315186 72
1653900624419 0.32956087589263916 73
1653900711310 0.08939968794584274 74
1653900797552 0.0719030350446701 75
1653900884265 0.1610802710056305 76
1653900969259 0.15242783725261688 77
1653901054016 1.676267147064209 78
1653901138443 0.628852903842926 79
1653901226759 0.5021825432777405 80
1653901314013 0.3906995356082916 81
1653901400727 0.10825327038764954 82
1653901485919 0.6881653070449829 83
1653901570881 0.29998448491096497 84
1653901656802 0.060798078775405884 85
1653901742146 0.035120461136102676 86
1653901828204 0.021254902705550194 87
1653901914469 0.11918836832046509 88
1653901999808 0.5544706583023071 89
1653902086057 0.10949551314115524 90
1653902172881 0.11763079464435577 91
1653902257750 0.46710723638534546 92
1653902342372 0.9130074977874756 93
1653902427375 0.08705286681652069 94
1653902513400 0.2699863314628601 95
1653902600314 0.23254811763763428 96
1653902679678 0.4712368845939636 97
1653902759784 0.06701667606830597 98
1653902842748 0.10467220097780228 99
1653902926074 0.019049545750021935 100
1653903008870 0.12174969166517258 101
1653903089085 0.023186812177300453 102
1653903169865 0.17785732448101044 103
1653903249731 0.8314434289932251 104
1653903332623 0.10539683699607849 105
1653903414545 2.432826280593872 106
1653903494708 0.32818299531936646 107
1653903576954 0.2217320054769516 108
1653903659886 0.3411230444908142 109
1653903743157 2.0471744537353516 110
1653903826669 0.09901285171508789 111
1653903911139 0.059330135583877563 112
1653903993524 0.3507072627544403 113
1653904075707 0.6076093912124634 114
1653904158472 0.7718324065208435 115
1653904240720 0.06500722467899323 116
1653904320603 0.044734325259923935 117
1653904400768 1.0050901174545288 118
1653904480648 0.06706790626049042 119
1653904562906 0.00916723906993866 120
1653904645322 0.22349251806735992 121
1653904726168 0.6450051069259644 122
1653904806141 0.20327535271644592 123
1653904886097 0.08567015826702118 124
1653904965942 0.20850291848182678 125
1653905045849 0.036002129316329956 126
1653905125814 0.09258466213941574 127
1653905205819 0.6779953241348267 128
1653905285842 0.025608422234654427 129
1653905365631 0.012507429346442223 130
1653905445346 0.04062528535723686 131
1653905525307 0.06512025743722916 132
1653905605496 0.034140169620513916 133
1653905685305 0.33499184250831604 134
1653905766158 0.03507288545370102 135
1653905846263 0.3427462577819824 136
1653905926253 0.03243204951286316 137
1653906006342 0.19546081125736237 138
1653906086350 0.27260622382164 139
1653906166414 0.039008233696222305 140
1653906246494 0.45854273438453674 141
1653906326756 0.1380935162305832 142
1653906406761 0.08059096336364746 143
1653906486522 0.07371015846729279 144
1653906566564 0.13074076175689697 145
1653906646428 0.05525251105427742 146
1653906726246 0.032449908554553986 147
1653906806052 0.14248539507389069 148
1653906885894 0.1278180629014969 149
1653906966898 0.7498366236686707 150
1653907046875 0.2202116698026657 151
1653907126515 0.06453371793031693 152
1653907206043 0.16929230093955994 153
1653907285818 0.21151062846183777 154
1653907365568 0.2064199447631836 155
1653907445084 0.028436042368412018 156
1653907525068 0.0381050631403923 157
1653907606996 0.17982839047908783 158
1653907689504 0.04582884907722473 159
1653907770176 0.08338318765163422 160
1653907850215 0.019686009734869003 161
1653907930105 0.061108753085136414 162
1653908009657 0.3233400881290436 163
1653908090562 0.4849475920200348 164
1653908171507 0.021957246586680412 165
1653908251427 0.03087533637881279 166
1653908331477 0.022213827818632126 167
1653908411273 0.044363588094711304 168
1653908491141 0.017777038738131523 169
1653908570976 0.025503233075141907 170
1653908650778 0.05383710563182831 171
1653908730542 0.39626407623291016 172
1653908810570 0.09120447188615799 173
1653908894095 0.11652198433876038 174
1653908976784 0.07430277019739151 175
1653909059066 0.06468119472265244 176
1653909141094 0.09816116839647293 177
1653909223298 0.14531752467155457 178
1653909305466 0.21159937977790833 179
1653909388491 0.24753713607788086 180
1653909470896 0.23091855645179749 181
1653909552998 0.16605235636234283 182
1653909632755 0.6012036204338074 183
1653909712489 0.03181390091776848 184
1653909792391 0.28660038113594055 185
1653909872198 0.24965345859527588 186
1653909952028 0.020320598036050797 187
1653910031613 1.1807270050048828 188
1653910111376 0.07879507541656494 189
1653910191197 0.15463663637638092 190
1653910270917 0.22403420507907867 191
1653910350666 0.07907399535179138 192
1653910437168 0.9750599265098572 193
1653910518809 0.08927245438098907 194
1653910600297 0.012519252486526966 195
1653910685313 0.2819770574569702 196
1653910768980 0.028246402740478516 197
1653910849557 0.03777144476771355 198
1653910930295 0.04664410278201103 199
1653911014412 0.04202113300561905 200
1653911097601 0.2067113071680069 201
1653911181794 0.08868615329265594 202
1653911263906 0.012630836106836796 203
1653911348448 0.06341510266065598 204
1653911434796 0.11262824386358261 205
1653911521389 0.033453091979026794 206
1653911605081 0.01284922193735838 207
1653911690585 0.14310362935066223 208
1653911773937 0.04198875278234482 209
1653911859899 0.07091762125492096 210
1653911946307 0.08768647909164429 211
1653912031400 0.017184363678097725 212
1653912113239 0.021083591505885124 213
1653912201823 4.661863803863525 214
1653912285559 0.018473239615559578 215
1653912366903 0.27122971415519714 216
1653912447801 0.04940248653292656 217
1653912532548 0.024978768080472946 218
1653912614967 0.030879100784659386 219
1653912700148 0.014920257963240147 220
1653912785948 0.17692671716213226 221
1653912871539 0.15261989831924438 222
1653912958540 0.05857968330383301 223
1653913041860 0.19317282736301422 224
1653913126011 0.046580519527196884 225
1653913211185 0.17968891561031342 226
1653913294917 0.04441957175731659 227
1653913378430 0.03430527076125145 228
1653913461373 0.011984235607087612 229
1653913545015 0.17616719007492065 230
1653913629749 0.20707650482654572 231
1653913712391 0.3297688663005829 232
1653913795501 0.017567310482263565 233
1653913880443 0.1274421215057373 234
1653913964879 0.09382189065217972 235
1653914050938 0.10215411335229874 236
1653914147286 0.10313563793897629 237
1653914254381 0.04113462194800377 238
1653914346915 0.5794860124588013 239
1653914447986 0.01740705594420433 240
1653914545702 0.005862414836883545 241
1653914643480 0.04936876893043518 242
1653914741563 0.24430552124977112 243
1653914848941 0.05837683379650116 244
1653914937970 0.041259072721004486 245
1653915018668 0.06279269605875015 246
1653915101522 0.3549303412437439 247
1653915201794 0.05696460232138634 248
1653915312709 0.022480236366391182 249
1653915415950 0.028394481167197227 250
1653915514848 0.013489462435245514 251
1653915611236 0.008156061172485352 252
1653915712489 0.5013189315795898 253
1653915837647 0.06764139980077744 254
1653915957567 0.10668487846851349 255
1653916073248 0.03385676071047783 256
1653916159445 0.042125578969717026 257
1653916242848 0.05208009108901024 258
1653916329133 0.011490915901958942 259
1653916414108 0.14626462757587433 260
1653916498143 0.010838727466762066 261
1653916580076 0.5624111890792847 262
1653916664135 0.10807347297668457 263
1653916748979 0.24886295199394226 264
1653916831455 0.0054885344579815865 265
1653916914067 0.07120571285486221 266
1653917000887 0.03768916428089142 267
1653917103500 0.7792986035346985 268
1653917196735 0.03207502141594887 269
1653917281032 0.00853853952139616 270
1653917364888 0.007871403358876705 271
1653917449133 0.018730558454990387 272
1653917533796 0.050195492804050446 273
1653917627478 0.030413638800382614 274
1653917721498 0.5604755282402039 275
1653917805835 0.052312497049570084 276
1653917887382 0.11567874252796173 277
1653917970166 0.08428523689508438 278
1653918052694 0.023012259975075722 279
1653918136575 0.14760541915893555 280
1653918218951 0.05936881899833679 281
1653918301206 0.05316752567887306 282
1653918385178 0.031407345086336136 283
1653918467641 0.3143591582775116 284
1653918551122 0.08364777266979218 285
1653918633366 0.010807898826897144 286
1653918716036 0.004256092477589846 287
1653918798038 0.01950673758983612 288
1653918880406 0.041987571865320206 289
1653918963052 0.015712333843111992 290
1653919045232 0.053099825978279114 291
1653919128432 0.05140586569905281 292
1653919209727 0.01642756350338459 293
1653919295381 0.07222031056880951 294
1653919376625 0.033418942242860794 295
1653919457613 0.005859189201146364 296
1653919540022 0.014686978422105312 297
1653919625504 0.004309804644435644 298
1653919713353 0.045985959470272064 299
