1653894048915 1.1594836711883545 0
1653894133367 1.276149868965149 1
1653894217094 1.093462586402893 2
1653894302473 0.8680356740951538 3
1653894396041 1.8480660915374756 4
1653894495162 1.0010273456573486 5
1653894590481 1.453355073928833 6
1653894686610 1.4342244863510132 7
1653894780929 1.2382285594940186 8
1653894873724 1.1287091970443726 9
1653894967715 1.4722121953964233 10
1653895062379 1.3688050508499146 11
1653895156755 1.7270705699920654 12
1653895250856 2.0238800048828125 13
1653895344872 1.5697087049484253 14
1653895439881 1.007782220840454 15
1653895536262 1.8457541465759277 16
1653895629958 1.3469630479812622 17
1653895726969 1.8932465314865112 18
1653895828179 1.9738937616348267 19
1653895926711 2.1888985633850098 20
1653896023568 2.811113119125366 21
1653896121081 1.8275961875915527 22
1653896218863 0.9557659029960632 23
1653896314928 2.162097930908203 24
1653896411102 1.2107596397399902 25
1653896508475 2.5306313037872314 26
1653896602927 1.9752172231674194 27
1653896698003 2.423111915588379 28
1653896793332 2.3800649642944336 29
1653896890951 2.7805750370025635 30
1653896989465 3.358548641204834 31
1653897084965 3.5754523277282715 32
1653897179185 2.630983829498291 33
1653897260991 2.4640345573425293 34
1653897340790 2.5500173568725586 35
1653897424340 2.5621225833892822 36
1653897507001 2.673340320587158 37
1653897596055 2.9904913902282715 38
1653897686518 3.0258307456970215 39
1653897775955 3.2198004722595215 40
1653897864755 1.8543052673339844 41
1653897954322 0.9182690382003784 42
1653898044273 2.629650592803955 43
1653898131469 3.3855361938476562 44
1653898219653 3.6389098167419434 45
1653898305455 4.027676582336426 46
1653898393190 4.446312427520752 47
1653898481831 2.416083335876465 48
1653898567714 1.7336301803588867 49
1653898654634 3.9962596893310547 50
1653898740722 2.7651121616363525 51
1653898825159 4.070323467254639 52
1653898907823 2.765558958053589 53
1653898990617 3.9352002143859863 54
1653899076627 2.426809787750244 55
1653899159776 2.66856050491333 56
1653899242814 4.547767639160156 57
1653899327949 4.254012107849121 58
1653899413075 4.017403602600098 59
1653899500099 3.3240060806274414 60
1653899584484 2.884995222091675 61
1653899671536 2.5515949726104736 62
1653899755911 3.10855770111084 63
1653899843556 3.314680337905884 64
1653899933513 3.8733811378479004 65
1653900021299 2.267404079437256 66
1653900107019 2.1501781940460205 67
1653900191135 3.4101507663726807 68
1653900276154 2.5101428031921387 69
1653900361611 3.437835931777954 70
1653900448934 2.873687744140625 71
1653900537206 3.5530662536621094 72
1653900624428 3.7697489261627197 73
1653900711317 5.487943649291992 74
1653900797559 3.956258773803711 75
1653900884271 3.7162578105926514 76
1653900969268 3.6209774017333984 77
1653901054025 2.341979503631592 78
1653901138450 2.9740874767303467 79
1653901226766 2.8161332607269287 80
1653901314022 4.526261329650879 81
1653901400734 3.9812815189361572 82
1653901485925 3.4583065509796143 83
1653901570888 2.745960235595703 84
1653901656810 4.815655708312988 85
1653901742153 5.260695457458496 86
1653901828212 5.419312477111816 87
1653901914476 3.70322585105896 88
1653901999815 4.000837326049805 89
1653902086066 4.212735176086426 90
1653902172887 4.4674248695373535 91
1653902257758 3.8123927116394043 92
1653902342380 3.9788782596588135 93
1653902427382 3.7441794872283936 94
1653902513408 3.1959476470947266 95
1653902600320 3.496380567550659 96
1653902679684 3.6142170429229736 97
1653902759791 4.681596755981445 98
1653902842754 3.714813470840454 99
1653902926082 5.572918891906738 100
1653903008875 4.301816940307617 101
1653903089093 5.822347640991211 102
1653903169871 3.1131181716918945 103
1653903249738 3.178659200668335 104
1653903332628 3.7868294715881348 105
1653903414551 4.311932563781738 106
1653903494714 7.474346160888672 107
1653903576960 3.9459779262542725 108
1653903659893 3.1505327224731445 109
1653903743165 3.7440004348754883 110
1653903826677 4.104294776916504 111
1653903911146 4.189660549163818 112
1653903993531 3.5125350952148438 113
1653904075713 3.2101898193359375 114
1653904158480 4.43034553527832 115
1653904240727 5.2441864013671875 116
1653904320610 5.1678547859191895 117
1653904400774 1.4897496700286865 118
1653904480653 4.118165493011475 119
1653904562912 6.826098918914795 120
1653904645331 3.926501750946045 121
1653904726175 4.328662872314453 122
1653904806148 3.835935115814209 123
1653904886103 4.579580307006836 124
1653904965949 3.3634438514709473 125
1653905045856 5.656207084655762 126
1653905125819 5.292365550994873 127
1653905205825 4.009790420532227 128
1653905285848 5.503550052642822 129
1653905365638 8.779608726501465 130
1653905445352 5.154433250427246 131
1653905525312 4.384551048278809 132
1653905605502 5.117334365844727 133
1653905685311 5.304041385650635 134
1653905766164 6.3792595863342285 135
1653905846270 4.648952007293701 136
1653905926260 6.515832901000977 137
1653906006348 5.306134223937988 138
1653906086356 4.862936973571777 139
1653906166421 6.221705436706543 140
1653906246500 2.88108229637146 141
1653906326761 3.3480753898620605 142
1653906406767 4.2406325340271 143
1653906486527 5.298806190490723 144
1653906566570 4.427178382873535 145
1653906646433 5.77174186706543 146
1653906726251 5.404895782470703 147
1653906806057 3.8565542697906494 148
1653906885900 5.14394474029541 149
1653906966904 4.109676361083984 150
1653907046881 3.7916016578674316 151
1653907126521 5.205679893493652 152
1653907206049 6.644735813140869 153
1653907285824 4.810226917266846 154
1653907365574 3.768200159072876 155
1653907445090 4.914977073669434 156
1653907525073 5.445792198181152 157
1653907607003 3.9974114894866943 158
1653907689511 4.774232387542725 159
1653907770183 3.896171808242798 160
1653907850221 5.552830696105957 161
1653907930112 4.407044410705566 162
1653908009664 5.6356048583984375 163
1653908090567 2.546841859817505 164
1653908171513 4.988846778869629 165
1653908251433 5.074183464050293 166
1653908331484 6.990462303161621 167
1653908411279 3.8831965923309326 168
1653908491147 5.287703037261963 169
1653908570983 5.818750381469727 170
1653908650784 5.420092582702637 171
1653908730548 4.755157470703125 172
1653908810576 4.854422569274902 173
1653908894102 5.26264762878418 174
1653908976790 4.129312992095947 175
1653909059072 10.943180084228516 176
1653909141100 3.0991179943084717 177
1653909223305 5.055765151977539 178
1653909305471 5.639703750610352 179
1653909388497 6.61485481262207 180
1653909470901 5.968074798583984 181
1653909553005 4.480828285217285 182
1653909632761 5.067595481872559 183
1653909712495 4.853837966918945 184
1653909792399 4.878475666046143 185
1653909872204 3.2451248168945312 186
1653909952034 4.988572597503662 187
1653910031618 4.243720531463623 188
1653910111382 4.627705097198486 189
1653910191203 5.459138870239258 190
1653910270923 6.942600250244141 191
1653910350672 5.254776477813721 192
1653910437173 3.788679361343384 193
1653910518816 4.58380126953125 194
1653910600304 6.26810359954834 195
1653910685320 5.046070575714111 196
1653910768986 5.089410781860352 197
1653910849566 5.278067111968994 198
1653910930300 4.051254749298096 199
1653911014418 4.7298583984375 200
1653911097607 3.7887229919433594 201
1653911181801 5.60875129699707 202
1653911263914 6.041237831115723 203
1653911348457 5.545020580291748 204
1653911434802 5.289173603057861 205
1653911521395 5.488854885101318 206
1653911605091 5.498231410980225 207
1653911690592 4.532677173614502 208
1653911773942 5.3241400718688965 209
1653911859906 4.448966979980469 210
1653911946314 5.521615982055664 211
1653912031407 6.523407936096191 212
1653912113246 5.223835468292236 213
1653912201834 1.4531776905059814 214
1653912285565 5.443563461303711 215
1653912366910 8.12675666809082 216
1653912447807 6.522185325622559 217
1653912532557 4.741250038146973 218
1653912614973 5.403995513916016 219
1653912700154 5.903968811035156 220
1653912785954 6.787683486938477 221
1653912871546 3.7242496013641357 222
1653912958547 10.991329193115234 223
1653913041868 5.274073600769043 224
1653913126018 6.109543323516846 225
1653913211192 4.192872047424316 226
1653913294924 7.3454060554504395 227
1653913378437 5.64518928527832 228
1653913461380 6.4848175048828125 229
1653913545025 7.794489860534668 230
1653913629757 5.04978609085083 231
1653913712399 3.464446544647217 232
1653913795508 5.683428764343262 233
1653913880450 5.423478603363037 234
1653913964886 4.536815643310547 235
1653914050944 5.884781360626221 236
1653914147296 4.99807071685791 237
1653914254397 7.190669059753418 238
1653914346922 6.057722091674805 239
1653914447997 6.473472595214844 240
1653914545711 7.201450347900391 241
1653914643491 6.003665924072266 242
1653914741575 8.947568893432617 243
1653914848950 5.635839462280273 244
1653914937979 5.360339164733887 245
1653915018675 5.269608497619629 246
1653915101528 3.4245262145996094 247
1653915201806 5.415030479431152 248
1653915312723 7.561844825744629 249
1653915415959 5.632696151733398 250
1653915514861 6.983645439147949 251
1653915611248 7.7994465827941895 252
1653915712507 4.366199493408203 253
1653915837654 5.012968063354492 254
1653915957578 5.108355522155762 255
1653916073257 5.287734508514404 256
1653916159454 4.662696838378906 257
1653916242855 4.771912574768066 258
1653916329141 5.6618242263793945 259
1653916414114 8.541447639465332 260
1653916498153 6.748282432556152 261
1653916580083 4.9787917137146 262
1653916664142 5.699490070343018 263
1653916748986 6.125941276550293 264
1653916831462 6.308856010437012 265
1653916914075 5.70208215713501 266
1653917000896 5.244389533996582 267
1653917103511 6.72581672668457 268
1653917196742 7.801072120666504 269
1653917281040 6.730738639831543 270
1653917364898 9.970844268798828 271
1653917449140 10.600955963134766 272
1653917533804 5.147704124450684 273
1653917627489 5.536097526550293 274
1653917721508 4.125434875488281 275
1653917805841 5.862445831298828 276
1653917887390 5.676278591156006 277
1653917970172 4.997652530670166 278
1653918052702 5.447038650512695 279
1653918136582 6.408891201019287 280
1653918218957 4.966012001037598 281
1653918301213 5.610435485839844 282
1653918385185 7.661392688751221 283
1653918467648 5.413569450378418 284
1653918551128 4.245608329772949 285
1653918633373 6.1153483390808105 286
1653918716042 6.975499153137207 287
1653918798046 6.468355178833008 288
1653918880413 5.278172492980957 289
1653918963058 6.909076690673828 290
1653919045240 5.924864768981934 291
1653919128440 7.764060020446777 292
1653919209734 5.4978532791137695 293
1653919295388 5.990129470825195 294
1653919376632 5.459726810455322 295
1653919457619 8.518455505371094 296
1653919540029 6.238334655761719 297
1653919625510 7.521951198577881 298
1653919713360 6.1119794845581055 299
