1653894048906 2.111748218536377 0
1653894133358 2.4217617511749268 1
1653894217084 1.998317837715149 2
1653894302464 1.1995179653167725 3
1653894396028 2.912318706512451 4
1653894495150 1.7717540264129639 5
1653894590469 2.099557399749756 6
1653894686593 2.062746524810791 7
1653894780915 1.909606695175171 8
1653894873710 1.5299839973449707 9
1653894967703 2.3005869388580322 10
1653895062366 1.9423840045928955 11
1653895156744 2.6381032466888428 12
1653895250845 2.9973056316375732 13
1653895344861 2.5065195560455322 14
1653895439870 1.5836586952209473 15
1653895536252 2.706531286239624 16
1653895629945 2.0292677879333496 17
1653895726955 2.6993825435638428 18
1653895828164 2.4131131172180176 19
1653895926696 2.829409122467041 20
1653896023556 3.69569730758667 21
1653896121072 2.739222526550293 22
1653896218851 1.2845361232757568 23
1653896314916 2.758659839630127 24
1653896411090 1.648303747177124 25
1653896508463 3.5096027851104736 26
1653896602913 2.5700738430023193 27
1653896697992 3.6827430725097656 28
1653896793316 3.2996060848236084 29
1653896890939 3.656648635864258 30
1653896989453 4.045298099517822 31
1653897084953 4.592169284820557 32
1653897179175 3.324788808822632 33
1653897260979 2.8559725284576416 34
1653897340781 3.0741496086120605 35
1653897424331 3.0700738430023193 36
1653897506992 3.2244338989257812 37
1653897596044 3.865338087081909 38
1653897686506 3.8518643379211426 39
1653897775945 3.894669532775879 40
1653897864745 2.559277057647705 41
1653897954310 1.5976536273956299 42
1653898044263 3.884705066680908 43
1653898131455 4.418200492858887 44
1653898219643 4.774621486663818 45
1653898305446 4.713455677032471 46
1653898393179 4.8357834815979 47
1653898481822 2.9465982913970947 48
1653898567703 1.9433059692382812 49
1653898654626 4.59423303604126 50
1653898740710 3.7195849418640137 51
1653898825149 4.647287845611572 52
1653898907814 3.7001633644104004 53
1653898990607 5.354497909545898 54
1653899076617 3.111910343170166 55
1653899159762 3.663480520248413 56
1653899242804 4.9588518142700195 57
1653899327937 5.0630645751953125 58
1653899413064 4.389328956604004 59
1653899500086 3.8092005252838135 60
1653899584474 3.3162975311279297 61
1653899671525 3.1794233322143555 62
1653899755901 3.8936665058135986 63
1653899843542 4.3776021003723145 64
1653899933501 4.426381587982178 65
1653900021288 2.9871058464050293 66
1653900107007 3.0199646949768066 67
1653900191124 4.39069128036499 68
1653900276143 2.979741096496582 69
1653900361600 4.970669269561768 70
1653900448923 3.4449079036712646 71
1653900537195 4.2582573890686035 72
1653900624415 4.210206985473633 73
1653900711306 6.082252502441406 74
1653900797549 4.628859043121338 75
1653900884261 4.151302337646484 76
1653900969255 4.332589626312256 77
1653901054013 3.0132317543029785 78
1653901138439 4.193401336669922 79
1653901226755 3.5454156398773193 80
1653901314009 4.955463409423828 81
1653901400723 4.556103706359863 82
1653901485916 4.173176288604736 83
1653901570878 3.1161537170410156 84
1653901656797 5.8393473625183105 85
1653901742143 5.83040189743042 86
1653901828200 5.961672782897949 87
1653901914465 4.5015764236450195 88
1653901999804 4.7127766609191895 89
1653902086052 5.119175910949707 90
1653902172877 5.330277919769287 91
1653902257744 4.7178192138671875 92
1653902342369 4.4041748046875 93
1653902427371 4.571516036987305 94
1653902513397 3.9738333225250244 95
1653902600310 4.481076717376709 96
1653902679674 3.7937521934509277 97
1653902759781 5.130954265594482 98
1653902842744 5.017098426818848 99
1653902926070 6.042362689971924 100
1653903008866 5.224599838256836 101
1653903089081 6.126400947570801 102
1653903169862 3.918023109436035 103
1653903249727 3.970463752746582 104
1653903332619 4.41989803314209 105
1653903414542 4.760701656341553 106
1653903494705 8.190881729125977 107
1653903576951 4.605637550354004 108
1653903659882 3.6391918659210205 109
1653903743153 4.766394138336182 110
1653903826665 4.6113457679748535 111
1653903911135 4.921446800231934 112
1653903993521 4.146313667297363 113
1653904075703 4.328755855560303 114
1653904158468 5.334085464477539 115
1653904240717 5.952725410461426 116
1653904320600 5.824652194976807 117
1653904400765 1.9037926197052002 118
1653904480644 4.912548542022705 119
1653904562903 7.403548240661621 120
1653904645318 4.619175910949707 121
1653904726165 4.754637241363525 122
1653904806138 4.538643836975098 123
1653904886093 5.3725810050964355 124
1653904965937 4.323712348937988 125
1653905045845 6.010345458984375 126
1653905125810 6.2703142166137695 127
1653905205815 4.262503147125244 128
1653905285839 6.075163841247559 129
1653905365627 9.111027717590332 130
1653905445342 5.9382829666137695 131
1653905525303 4.9303693771362305 132
1653905605493 6.375679969787598 133
1653905685302 5.693066596984863 134
1653905766155 6.72929573059082 135
1653905846260 5.535334587097168 136
1653905926250 7.249483585357666 137
1653906006339 5.673480033874512 138
1653906086346 5.52952766418457 139
1653906166411 6.662776470184326 140
1653906246490 3.0566513538360596 141
1653906326752 3.798569679260254 142
1653906406758 4.6831817626953125 143
1653906486519 6.677394866943359 144
1653906566560 5.117818832397461 145
1653906646425 6.506966590881348 146
1653906726242 6.252267837524414 147
1653906806048 4.726216793060303 148
1653906885891 5.738694190979004 149
1653906966894 4.335555553436279 150
1653907046871 4.273148536682129 151
1653907126511 6.177346706390381 152
1653907206040 7.671256065368652 153
1653907285814 5.728446006774902 154
1653907365565 4.681587219238281 155
1653907445081 5.28104305267334 156
1653907525064 6.103576183319092 157
1653907606993 4.762732982635498 158
1653907689500 5.437811374664307 159
1653907770173 4.394537448883057 160
1653907850212 5.8460774421691895 161
1653907930102 5.471529960632324 162
1653908009654 6.735797882080078 163
1653908090558 3.1844420433044434 164
1653908171504 5.899505138397217 165
1653908251423 5.6135478019714355 166
1653908331473 7.9551520347595215 167
1653908411269 4.290848255157471 168
1653908491137 6.080682754516602 169
1653908570972 6.437682151794434 170
1653908650774 6.073293685913086 171
1653908730539 5.0785322189331055 172
1653908810566 5.443330764770508 173
1653908894091 5.721480846405029 174
1653908976781 4.814092636108398 175
1653909059063 11.590916633605957 176
1653909141090 3.80843186378479 177
1653909223294 5.614500045776367 178
1653909305462 6.325668811798096 179
1653909388488 7.200413703918457 180
1653909470892 6.441779613494873 181
1653909552995 5.380029678344727 182
1653909632752 5.320043563842773 183
1653909712486 5.44098424911499 184
1653909792387 5.932272434234619 185
1653909872195 4.179754257202148 186
1653909952024 5.534640789031982 187
1653910031609 4.69857931137085 188
1653910111372 5.5558576583862305 189
1653910191194 6.7616190910339355 190
1653910270913 7.366649150848389 191
1653910350662 5.677276611328125 192
1653910437165 4.4580254554748535 193
1653910518806 5.797265529632568 194
1653910600294 6.96852445602417 195
1653910685310 5.943347930908203 196
1653910768976 5.509054183959961 197
1653910849553 6.089484214782715 198
1653910930292 4.642773628234863 199
1653911014408 5.414334297180176 200
1653911097597 4.149801254272461 201
1653911181791 6.442245960235596 202
1653911263903 6.599231243133545 203
1653911348444 6.265141010284424 204
1653911434792 5.734411239624023 205
1653911521386 5.983841419219971 206
1653911605075 5.855194091796875 207
1653911690582 5.209109306335449 208
1653911773933 6.305269718170166 209
1653911859896 5.024750232696533 210
1653911946303 6.084861755371094 211
1653912031396 7.233480453491211 212
1653912113234 6.297956466674805 213
1653912201818 1.944007396697998 214
1653912285554 6.198805332183838 215
1653912366899 8.654815673828125 216
1653912447797 7.235640525817871 217
1653912532545 5.497273921966553 218
1653912614964 6.138428688049316 219
1653912700145 6.774133682250977 220
1653912785945 7.512249946594238 221
1653912871535 4.238173484802246 222
1653912958534 11.267413139343262 223
1653913041857 6.1518449783325195 224
1653913126008 6.602173805236816 225
1653913211182 4.86382532119751 226
1653913294912 7.92495059967041 227
1653913378427 6.579991340637207 228
1653913461369 6.978991985321045 229
1653913545009 8.91585636138916 230
1653913629745 5.605329990386963 231
1653913712387 4.279402256011963 232
1653913795498 6.9122161865234375 233
1653913880440 5.9594221115112305 234
1653913964875 5.334902286529541 235
1653914050934 6.741760730743408 236
1653914147281 5.509220600128174 237
1653914254369 7.546374797821045 238
1653914346912 7.104317665100098 239
1653914447980 6.806302070617676 240
1653914545696 8.167989730834961 241
1653914643474 6.370355129241943 242
1653914741560 9.300996780395508 243
1653914848937 6.314100742340088 244
1653914937966 6.367312431335449 245
1653915018665 6.15669584274292 246
1653915101518 4.4798760414123535 247
1653915201788 5.780086994171143 248
1653915312700 9.06033706665039 249
1653915415943 5.903562068939209 250
1653915514841 7.775627136230469 251
1653915611230 8.347765922546387 252
1653915712483 5.253520488739014 253
1653915837644 6.27229642868042 254
1653915957561 5.841277599334717 255
1653916073245 5.773231506347656 256
1653916159440 5.306663513183594 257
1653916242843 5.131471157073975 258
1653916329130 6.401187896728516 259
1653916414103 9.238702774047852 260
1653916498139 7.5653486251831055 261
1653916580073 5.463627815246582 262
1653916664132 6.546488285064697 263
1653916748976 7.113897800445557 264
1653916831451 6.742509841918945 265
1653916914062 6.355983734130859 266
1653917000883 5.670164108276367 267
1653917103494 7.432054042816162 268
1653917196732 8.286016464233398 269
1653917281027 7.338407516479492 270
1653917364884 10.524433135986328 271
1653917449129 11.53393268585205 272
1653917533791 5.946929931640625 273
1653917627471 5.9564290046691895 274
1653917721492 4.7049994468688965 275
1653917805831 6.598991870880127 276
1653917887379 6.294644355773926 277
1653917970162 5.495939254760742 278
1653918052689 6.474936485290527 279
1653918136571 7.080723285675049 280
1653918218948 6.314155101776123 281
1653918301202 5.951071739196777 282
1653918385174 8.554354667663574 283
1653918467636 6.355306625366211 284
1653918551118 4.918585300445557 285
1653918633362 6.925731658935547 286
1653918716031 7.6406331062316895 287
1653918798035 7.344358444213867 288
1653918880402 6.345645904541016 289
1653918963047 8.020431518554688 290
1653919045228 6.519265174865723 291
1653919128428 8.710350036621094 292
1653919209723 6.000082492828369 293
1653919295377 6.3152947425842285 294
1653919376621 5.888415813446045 295
1653919457609 8.815624237060547 296
1653919540018 6.99603271484375 297
1653919625500 8.233928680419922 298
1653919713349 6.812655448913574 299
