1653894048913 0.00952264666557312 0
1653894133364 0.011456118896603584 1
1653894217091 0.009048552252352238 2
1653894302470 0.0033148229122161865 3
1653894396036 0.010642525739967823 4
1653894495160 0.007707267068326473 5
1653894590477 0.006462023593485355 6
1653894686605 0.00628522178158164 7
1653894780925 0.006713780574500561 8
1653894873720 0.004012748133391142 9
1653894967712 0.008283748291432858 10
1653895062375 0.005735789891332388 11
1653895156751 0.009110325947403908 12
1653895250852 0.009734256193041801 13
1653895344869 0.0093681076541543 14
1653895439877 0.0057587651535868645 15
1653895536260 0.008607771247625351 16
1653895629954 0.0068230461329221725 17
1653895726965 0.008061360567808151 18
1653895828172 0.004392193630337715 19
1653895926708 0.00640510581433773 20
1653896023564 0.008845843374729156 21
1653896121078 0.009116264060139656 22
1653896218858 0.00328770256601274 23
1653896314924 0.0059656184166669846 24
1653896411097 0.004375440534204245 25
1653896508471 0.009789714589715004 26
1653896602922 0.005948565900325775 27
1653896697999 0.012596312910318375 28
1653896793327 0.009195411577820778 29
1653896890947 0.00876073632389307 30
1653896989461 0.006867493502795696 31
1653897084961 0.010167168453335762 32
1653897179182 0.006938050501048565 33
1653897260988 0.003919380716979504 34
1653897340787 0.005241322331130505 35
1653897424337 0.005079513415694237 36
1653897506998 0.0055109369568526745 37
1653897596051 0.008748466148972511 38
1653897686515 0.008260335773229599 39
1653897775951 0.006748689338564873 40
1653897864752 0.007049718871712685 41
1653897954318 0.006793845444917679 42
1653898044270 0.01255054585635662 43
1653898131464 0.010326642543077469 44
1653898219650 0.011357118375599384 45
1653898305453 0.0068577928468585014 46
1653898393187 0.003894712310284376 47
1653898481828 0.005305149592459202 48
1653898567710 0.002096758224070072 49
1653898654632 0.005979732610285282 50
1653898740719 0.009544727392494678 51
1653898825156 0.005769645795226097 52
1653898907820 0.009346045553684235 53
1653898990614 0.014192977920174599 54
1653899076624 0.0068510062992572784 55
1653899159771 0.009949199855327606 56
1653899242811 0.004110842943191528 57
1653899327945 0.00809052400290966 58
1653899413072 0.0037192553281784058 59
1653899500095 0.004851944744586945 60
1653899584480 0.00431302422657609 61
1653899671532 0.006278284825384617 62
1653899755907 0.007851088419556618 63
1653899843551 0.010629218071699142 64
1653899933509 0.005530005786567926 65
1653900021295 0.007197016850113869 66
1653900107015 0.008697864599525928 67
1653900191131 0.009805404581129551 68
1653900276151 0.004695982672274113 69
1653900361608 0.015328333713114262 70
1653900448930 0.005712201353162527 71
1653900537202 0.0070519098080694675 72
1653900624424 0.004404581617563963 73
1653900711314 0.0059430887922644615 74
1653900797556 0.006726003251969814 75
1653900884268 0.004350445233285427 76
1653900969264 0.007116120308637619 77
1653901054021 0.006712522357702255 78
1653901138447 0.012193137779831886 79
1653901226762 0.007292823866009712 80
1653901314018 0.0042920196428895 81
1653901400731 0.005748219788074493 82
1653901485922 0.007148697506636381 83
1653901570885 0.003701934590935707 84
1653901656806 0.01023691613227129 85
1653901742149 0.005697065964341164 86
1653901828208 0.005423602648079395 87
1653901914473 0.007983503863215446 88
1653901999812 0.0071193925105035305 89
1653902086061 0.009064408019185066 90
1653902172884 0.00862853229045868 91
1653902257754 0.00905426312237978 92
1653902342375 0.004252963699400425 93
1653902427378 0.00827336497604847 94
1653902513404 0.007778855971992016 95
1653902600317 0.009846960194408894 96
1653902679680 0.001795352203771472 97
1653902759788 0.00449357321485877 98
1653902842751 0.013022847473621368 99
1653902926078 0.004694439936429262 100
1653903008873 0.009227828122675419 101
1653903089089 0.0030405311845242977 102
1653903169868 0.00804904941469431 103
1653903249735 0.007918044924736023 104
1653903332626 0.006330685690045357 105
1653903414548 0.004487689584493637 106
1653903494712 0.007165353279560804 107
1653903576958 0.006596595514565706 108
1653903659890 0.00488659180700779 109
1653903743161 0.010223938152194023 110
1653903826674 0.005070508923381567 111
1653903911142 0.0073178606107831 112
1653903993528 0.0063377865590155125 113
1653904075710 0.011185661889612675 114
1653904158476 0.009037397801876068 115
1653904240723 0.007085389923304319 116
1653904320607 0.006567975040525198 117
1653904400771 0.004140429198741913 118
1653904480651 0.007943830452859402 119
1653904562909 0.005774490535259247 120
1653904645327 0.006926744244992733 121
1653904726172 0.0042597446590662 122
1653904806144 0.007027086336165667 123
1653904886100 0.007930004969239235 124
1653904965945 0.009602687321603298 125
1653905045853 0.003541381563991308 126
1653905125817 0.009779486805200577 127
1653905205822 0.002527127042412758 128
1653905285845 0.005716138519346714 129
1653905365634 0.003314192872494459 130
1653905445349 0.00783849973231554 131
1653905525309 0.005458185449242592 132
1653905605499 0.012583458796143532 133
1653905685308 0.0038902503438293934 134
1653905766161 0.003500361694023013 135
1653905846267 0.008863825350999832 136
1653905926257 0.007336506154388189 137
1653906006345 0.003673459170386195 138
1653906086353 0.006665905937552452 139
1653906166418 0.0044107092544436455 140
1653906246497 0.001755691017024219 141
1653906326758 0.004504944197833538 142
1653906406764 0.004425490275025368 143
1653906486525 0.013785885646939278 144
1653906566567 0.006906405091285706 145
1653906646431 0.007352245040237904 146
1653906726249 0.008473720401525497 147
1653906806055 0.008696625009179115 148
1653906885897 0.005947492551058531 149
1653906966901 0.0022587927524000406 150
1653907046878 0.004815467167645693 151
1653907126518 0.009716670028865337 152
1653907206046 0.010265201330184937 153
1653907285821 0.009182190522551537 154
1653907365571 0.009133867919445038 155
1653907445087 0.0036606602370738983 156
1653907525070 0.006577838212251663 157
1653907606999 0.007653215900063515 158
1653907689507 0.006635788828134537 159
1653907770179 0.004983657505363226 160
1653907850218 0.002932467497885227 161
1653907930109 0.010644853115081787 162
1653908009660 0.01100192777812481 163
1653908090564 0.006376002915203571 164
1653908171509 0.009106582961976528 165
1653908251430 0.005393643863499165 166
1653908331480 0.00964689813554287 167
1653908411276 0.0040765181183815 168
1653908491144 0.00792979821562767 169
1653908570979 0.006189317442476749 170
1653908650781 0.006532013416290283 171
1653908730546 0.0032337489537894726 172
1653908810573 0.005889079999178648 173
1653908894098 0.004588333424180746 174
1653908976787 0.006847796030342579 175
1653909059069 0.006477367132902145 176
1653909141097 0.007093138061463833 177
1653909223302 0.005587349645793438 178
1653909305468 0.006859651766717434 179
1653909388494 0.005855591036379337 180
1653909470899 0.004737047478556633 181
1653909553002 0.008992016315460205 182
1653909632758 0.0025244818534702063 183
1653909712492 0.005871460773050785 184
1653909792395 0.010537968017160892 185
1653909872201 0.009346295148134232 186
1653909952031 0.005460683722048998 187
1653910031615 0.004548588301986456 188
1653910111379 0.009281526319682598 189
1653910191200 0.013024801388382912 190
1653910270920 0.004240488167852163 191
1653910350668 0.0042250026017427444 192
1653910437171 0.006693461909890175 193
1653910518813 0.012134644202888012 194
1653910600301 0.007004210259765387 195
1653910685317 0.008972774259746075 196
1653910768984 0.00419643335044384 197
1653910849562 0.008114168420433998 198
1653910930298 0.005915186833590269 199
1653911014415 0.006844758056104183 200
1653911097604 0.0036107804626226425 201
1653911181797 0.00833494495600462 202
1653911263910 0.0055799325928092 203
1653911348453 0.0072012050077319145 204
1653911434799 0.004452375695109367 205
1653911521392 0.004949865397065878 206
1653911605086 0.003569625550881028 207
1653911690589 0.006764320656657219 208
1653911773939 0.009811295196413994 209
1653911859903 0.0057578315027058125 210
1653911946311 0.005632457323372364 211
1653912031404 0.007100724149495363 212
1653912113243 0.010741209611296654 213
1653912201827 0.004908296745270491 214
1653912285562 0.007552419323474169 215
1653912366907 0.0052805873565375805 216
1653912447804 0.007134552579373121 217
1653912532553 0.0075602405704557896 218
1653912614970 0.007344330660998821 219
1653912700151 0.008701646700501442 220
1653912785952 0.007245663553476334 221
1653912871543 0.005139237269759178 222
1653912958543 0.0027608349919319153 223
1653913041863 0.00877771619707346 224
1653913126015 0.004926306661218405 225
1653913211188 0.006709533743560314 226
1653913294920 0.005795448087155819 227
1653913378434 0.009348021820187569 228
1653913461377 0.004941744264215231 229
1653913545020 0.011213665828108788 230
1653913629754 0.005555439740419388 231
1653913712395 0.008149555884301662 232
1653913795505 0.012287873774766922 233
1653913880447 0.00535943266004324 234
1653913964883 0.00798086728900671 235
1653914050941 0.008569791913032532 236
1653914147292 0.005111499689519405 237
1653914254391 0.0035570580512285233 238
1653914346918 0.010465954430401325 239
1653914447991 0.0033282949589192867 240
1653914545707 0.009665392339229584 241
1653914643485 0.0036668898537755013 242
1653914741570 0.003534283023327589 243
1653914848946 0.006782612297683954 244
1653914937974 0.01006973348557949 245
1653915018672 0.008870871737599373 246
1653915101525 0.01055349875241518 247
1653915201801 0.0036505653988569975 248
1653915312717 0.014984920620918274 249
1653915415954 0.0027086595073342323 250
1653915514854 0.007919819094240665 251
1653915611243 0.005483190529048443 252
1653915712498 0.008873208425939083 253
1653915837650 0.012593284249305725 254
1653915957572 0.00732922088354826 255
1653916073252 0.004854967817664146 256
1653916159449 0.006439666263759136 257
1653916242852 0.0035955836065113544 258
1653916329137 0.007393637206405401 259
1653916414111 0.00697255227714777 260
1653916498148 0.008170663379132748 261
1653916580079 0.004848361946642399 262
1653916664139 0.008469980210065842 263
1653916748983 0.009879566729068756 264
1653916831459 0.004336538724601269 265
1653916914070 0.0065390183590352535 266
1653917000892 0.004257744178175926 267
1653917103505 0.007062374148517847 268
1653917196739 0.004849439952522516 269
1653917281037 0.006076687015593052 270
1653917364893 0.005535883828997612 271
1653917449136 0.009329769760370255 272
1653917533800 0.007992257364094257 273
1653917627484 0.004203313030302525 274
1653917721503 0.005795646924525499 275
1653917805838 0.007365460507571697 276
1653917887386 0.006183655001223087 277
1653917970169 0.004982867743819952 278
1653918052697 0.010278977453708649 279
1653918136578 0.006718320772051811 280
1653918218954 0.013481431640684605 281
1653918301209 0.003406360512599349 282
1653918385182 0.008929615840315819 283
1653918467644 0.009417369961738586 284
1653918551125 0.006729770451784134 285
1653918633370 0.008103834465146065 286
1653918716039 0.006651340518146753 287
1653918798043 0.008760035037994385 288
1653918880409 0.01067473366856575 289
1653918963055 0.011113548651337624 290
1653919045237 0.005944003351032734 291
1653919128436 0.009462898597121239 292
1653919209730 0.005022293888032436 293
1653919295385 0.0032516522333025932 294
1653919376628 0.004286890849471092 295
1653919457616 0.0029716843273490667 296
1653919540026 0.007576982025057077 297
1653919625507 0.007119778543710709 298
1653919713357 0.007006762083619833 299
