1653669345996 1.2098612785339355 0
1653669441529 0.43527650833129883 1
1653669538891 0.4002112150192261 2
1653669635295 0.504639208316803 3
1653669732356 0.5756040811538696 4
1653669830620 0.49453797936439514 5
1653669929336 0.9452497959136963 6
1653670024032 2.0686540603637695 7
1653670119248 0.2851351499557495 8
1653670215626 0.38674789667129517 9
1653670312081 0.3769512474536896 10
1653670409353 0.40365466475486755 11
1653670509906 0.9358996152877808 12
1653670609173 0.5347911715507507 13
1653670708945 0.4568977653980255 14
1653670814824 0.22247987985610962 15
1653670921960 0.24757567048072815 16
1653671024809 0.5333191156387329 17
1653671132022 0.3572150766849518 18
1653671240106 0.6394708156585693 19
1653671343848 0.640377938747406 20
1653671446871 1.2362773418426514 21
1653671552644 0.2790728211402893 22
1653671659709 0.33193764090538025 23
1653671764232 0.6016983985900879 24
1653671867784 0.8019133806228638 25
1653671971033 1.3090943098068237 26
1653672071821 0.11848519742488861 27
1653672172656 1.0630863904953003 28
1653672281018 0.8072422742843628 29
1653672389858 0.862163245677948 30
1653672492865 0.1247873529791832 31
1653672591369 0.37334322929382324 32
1653672688261 0.12152779847383499 33
1653672789061 0.07335124164819717 34
1653672888344 4.763554096221924 35
1653672983619 1.6342741250991821 36
1653673079117 0.5800600051879883 37
1653673173700 0.18717196583747864 38
1653673267391 0.2563151717185974 39
1653673361870 0.42837050557136536 40
1653673454388 0.48802751302719116 41
1653673548413 0.5837463736534119 42
1653673643241 0.25087177753448486 43
1653673737900 1.225602388381958 44
1653673832477 0.3588377833366394 45
1653673928375 0.036657895892858505 46
1653674022436 0.12554685771465302 47
1653674116435 0.12290814518928528 48
1653674210059 0.5045651793479919 49
1653674304088 0.09179330617189407 50
1653674398037 0.13091273605823517 51
1653674492192 0.3043164014816284 52
1653674585973 0.11178112030029297 53
1653674678742 0.2086406946182251 54
1653674773436 0.041468046605587006 55
1653674867712 0.3152819275856018 56
1653674961838 1.0259016752243042 57
1653675055637 0.07535422593355179 58
1653675152229 0.5083860158920288 59
1653675246823 0.3771096169948578 60
1653675343474 0.6237013936042786 61
1653675437163 0.2743737995624542 62
1653675530857 0.08947259932756424 63
1653675624748 1.1637547016143799 64
1653675719080 1.2973158359527588 65
1653675812310 0.12553301453590393 66
1653675907385 0.10537756979465485 67
1653676001843 0.10263610631227493 68
1653676095028 1.3349958658218384 69
1653676190139 0.4092496335506439 70
1653676284569 0.2212805151939392 71
1653676378724 0.814638078212738 72
1653676472337 0.17407187819480896 73
1653676566007 0.096063993871212 74
1653676659929 0.0417628139257431 75
1653676757006 0.13061918318271637 76
1653676851255 0.0631394311785698 77
1653676944105 0.21277742087841034 78
1653677038759 0.046914029866456985 79
1653677132492 0.47299063205718994 80
1653677226339 0.052058570086956024 81
1653677319427 0.34454089403152466 82
1653677412549 0.22218351066112518 83
1653677505846 0.4392114281654358 84
1653677599626 0.03734922409057617 85
1653677693712 0.06697854399681091 86
1653677786920 0.0587754026055336 87
1653677881041 0.05970415845513344 88
1653677974955 0.09532055258750916 89
1653678066136 0.07412753999233246 90
1653678160607 0.11654971539974213 91
1653678251895 0.07891056686639786 92
1653678344810 0.10235397517681122 93
1653678437633 0.5731956958770752 94
1653678530983 0.05991334468126297 95
1653678624248 0.06522759050130844 96
1653678718433 0.3268927335739136 97
1653678811259 0.02583876997232437 98
1653678907532 0.050540272146463394 99
1653679005308 0.030095307156443596 100
1653679097984 0.047385115176439285 101
1653679190451 0.014037162996828556 102
1653679284231 0.04795631393790245 103
1653679376246 6.6092047691345215 104
1653679469031 1.7885115146636963 105
1653679562999 0.15998831391334534 106
1653679656048 0.10143626481294632 107
1653679749100 0.1135096400976181 108
1653679841911 0.16862407326698303 109
1653679935627 0.13564349710941315 110
1653680028552 0.31805792450904846 111
1653680121672 0.12077723443508148 112
1653680214866 0.06577369570732117 113
1653680308022 0.10054559260606766 114
1653680401037 0.24014213681221008 115
1653680494160 0.01862376555800438 116
1653680587046 1.298302412033081 117
1653680680218 0.038615383207798004 118
1653680773944 0.5997257232666016 119
1653680869625 0.01470019668340683 120
1653680964575 0.21032209694385529 121
1653681057790 0.11604538559913635 122
1653681152756 0.10205411165952682 123
1653681252633 0.4311809241771698 124
1653681350369 0.1882610321044922 125
1653681447302 1.817681908607483 126
1653681541100 0.03369302675127983 127
1653681634396 0.03498390316963196 128
1653681727739 0.3910229504108429 129
1653681821289 0.6962664127349854 130
1653681913930 0.1249227225780487 131
1653682006633 0.014651935547590256 132
1653682100346 0.4006569981575012 133
1653682193111 0.02039477229118347 134
1653682286389 0.177569180727005 135
1653682379929 0.04137955233454704 136
1653682473008 0.03702777624130249 137
1653682566609 0.42490512132644653 138
1653682659527 0.017776627093553543 139
1653682755368 0.050543785095214844 140
1653682850449 0.02269444428384304 141
1653682944344 0.09974918514490128 142
1653683038397 0.23577135801315308 143
1653683131485 0.1147288829088211 144
1653683225836 0.013871990144252777 145
1653683319981 0.6248983144760132 146
1653683416492 0.8953268527984619 147
1653683509553 0.06195477023720741 148
1653683602560 0.8259668946266174 149
1653683695265 1.852440357208252 150
1653683790325 0.0706619918346405 151
1653683883151 0.023397814482450485 152
1653683975290 0.06348712742328644 153
1653684069413 0.09718974679708481 154
1653684162082 0.03195086121559143 155
1653684253399 0.0174284428358078 156
1653684345796 0.16422060132026672 157
1653684437356 0.8927952647209167 158
1653684530179 0.5271358489990234 159
1653684623598 0.0367579348385334 160
1653684719035 0.16063302755355835 161
1653684812325 0.010791760869324207 162
1653684905280 0.055319637060165405 163
1653684997555 0.06270855665206909 164
1653685089958 0.05539757013320923 165
1653685184210 0.136447936296463 166
1653685276767 0.06450914591550827 167
1653685369665 0.08232082426548004 168
1653685462650 0.01381942629814148 169
1653685556006 0.3284716308116913 170
1653685649192 0.042130932211875916 171
1653685746998 0.4789644777774811 172
1653685844653 0.05664683133363724 173
1653685937930 0.15205225348472595 174
1653686032021 0.9288645386695862 175
1653686123044 0.5438103675842285 176
1653686206105 0.03501439839601517 177
1653686286652 0.15020564198493958 178
1653686365832 0.03424496576189995 179
1653686444912 0.016985366120934486 180
1653686525191 0.014133664779365063 181
1653686604300 0.02777836285531521 182
1653686683345 0.03562409058213234 183
1653686762492 0.07250391691923141 184
1653686841367 0.017093071714043617 185
1653686920476 0.005378598812967539 186
1653686999390 0.020214267075061798 187
1653687078331 1.6844509840011597 188
1653687157370 0.00481449207291007 189
1653687236394 0.0049775769002735615 190
1653687315383 0.04428223520517349 191
1653687394331 0.04220971837639809 192
1653687473366 0.01843843422830105 193
1653687552049 0.15028882026672363 194
1653687631047 0.016154320910573006 195
1653687711008 0.01697562076151371 196
1653687789952 0.1629979908466339 197
1653687868987 0.0014692635741084814 198
1653687947959 0.1560521125793457 199
1653688027153 0.026183921843767166 200
1653688106145 0.20071084797382355 201
1653688185029 0.2443322390317917 202
1653688264524 0.019676391035318375 203
1653688343489 0.032344523817300797 204
1653688424058 0.008786389604210854 205
1653688503309 0.03833504393696785 206
1653688582415 0.129267618060112 207
1653688661357 0.021958621218800545 208
1653688740328 0.0977756530046463 209
1653688819346 0.6575068235397339 210
1653688899683 0.008300049230456352 211
1653688979275 0.02038634940981865 212
1653689058337 0.09276930242776871 213
1653689137068 0.01079191267490387 214
1653689216054 0.7192559838294983 215
1653689294855 0.027196532115340233 216
1653689373968 0.17856056988239288 217
1653689452839 0.0348006971180439 218
1653689531645 0.006161611992865801 219
1653689610731 0.018701277673244476 220
1653689689590 0.13336330652236938 221
1653689768554 0.17043475806713104 222
1653689847402 0.019935794174671173 223
1653689926345 0.05199519172310829 224
1653690005248 0.022950898855924606 225
1653690084835 0.07906404882669449 226
1653690163765 0.05472588166594505 227
1653690242843 0.44888991117477417 228
1653690321760 0.02659710869193077 229
1653690400524 0.027070125564932823 230
1653690479323 0.022459449246525764 231
1653690558269 0.011252976022660732 232
1653690637190 0.06834319233894348 233
1653690716121 0.07703540474176407 234
1653690795107 0.6484717726707458 235
1653690874012 0.006724418606609106 236
1653690952911 0.29942598938941956 237
1653691031815 0.008129834197461605 238
1653691110890 0.166207954287529 239
1653691189729 0.02770102024078369 240
1653691270362 0.18245472013950348 241
1653691349241 0.15905264019966125 242
1653691428328 0.036481354385614395 243
1653691507368 0.023016370832920074 244
1653691586240 0.023415440693497658 245
1653691665265 0.013496442697942257 246
1653691744062 0.04697840288281441 247
1653691823197 0.011401887983083725 248
1653691902057 0.1362392008304596 249
1653691981050 0.010021124966442585 250
1653692060060 0.13138741254806519 251
1653692139134 0.07671434432268143 252
1653692218306 0.19699349999427795 253
1653692297235 0.09617152810096741 254
1653692376121 0.08330877870321274 255
1653692455878 0.027811147272586823 256
1653692534765 0.0058126868680119514 257
1653692613665 0.022844184190034866 258
1653692692696 0.08690674602985382 259
1653692771578 0.012017397210001945 260
1653692850459 0.05789460241794586 261
1653692929346 0.10193974524736404 262
1653693008785 0.06089966371655464 263
1653693088109 0.013120912946760654 264
1653693166964 0.03977629914879799 265
1653693245929 0.006466698832809925 266
1653693324969 0.01883118599653244 267
1653693404021 0.4567762017250061 268
1653693482928 0.03086649626493454 269
1653693561839 0.02317328378558159 270
1653693641890 0.03439119830727577 271
1653693720889 0.028170322999358177 272
1653693799928 0.02234981581568718 273
1653693878915 0.053866658359766006 274
1653693957806 0.025702763348817825 275
1653694036872 0.00933640357106924 276
1653694115732 0.007739077787846327 277
1653694194693 0.02037789858877659 278
1653694273734 0.02363383024930954 279
1653694352695 0.0037502399645745754 280
1653694431519 0.1693175733089447 281
1653694510231 0.03256482630968094 282
1653694589172 0.29654577374458313 283
1653694668141 0.04883722588419914 284
1653694747116 0.1448746621608734 285
1653694826791 0.0046485476195812225 286
1653694905822 0.010004525072872639 287
1653694984920 0.03580895811319351 288
1653695063827 0.022687755525112152 289
1653695142811 0.37344521284103394 290
1653695221940 0.09125444293022156 291
1653695300945 0.03767038881778717 292
1653695379834 0.016232073307037354 293
1653695458789 0.04248734936118126 294
1653695537617 0.047676242887973785 295
1653695616628 0.030175134539604187 296
1653695695627 0.0648966133594513 297
1653695774740 0.01452573761343956 298
1653695854002 0.013844713568687439 299
