1653669346007 1.4298479557037354 0
1653669441536 1.7796157598495483 1
1653669538900 1.6732187271118164 2
1653669635302 1.6142644882202148 3
1653669732365 1.5972498655319214 4
1653669830629 1.2085052728652954 5
1653669929344 1.175701379776001 6
1653670024039 0.7384156584739685 7
1653670119256 1.735217809677124 8
1653670215633 1.480587124824524 9
1653670312090 1.8884230852127075 10
1653670409360 2.3093035221099854 11
1653670509915 1.702183723449707 12
1653670609180 1.7778949737548828 13
1653670708952 2.6018431186676025 14
1653670814832 2.421421766281128 15
1653670921967 1.868411660194397 16
1653671024818 2.3936963081359863 17
1653671132031 2.0135655403137207 18
1653671240118 2.710740804672241 19
1653671343855 2.068068504333496 20
1653671446881 1.6624805927276611 21
1653671552654 2.47346830368042 22
1653671659719 2.265618324279785 23
1653671764242 4.098736763000488 24
1653671867792 2.2802677154541016 25
1653671971043 2.558922052383423 26
1653672071831 3.2821130752563477 27
1653672172666 2.670187473297119 28
1653672281028 2.2723376750946045 29
1653672389867 2.2617199420928955 30
1653672492872 5.87832498550415 31
1653672591377 2.9832711219787598 32
1653672688269 3.780811071395874 33
1653672789068 3.584810495376587 34
1653672888353 2.3460190296173096 35
1653672983627 2.3659822940826416 36
1653673079141 2.0201992988586426 37
1653673173707 3.4528141021728516 38
1653673267401 2.6161365509033203 39
1653673361877 2.9854700565338135 40
1653673454396 1.5822628736495972 41
1653673548422 3.7972047328948975 42
1653673643248 3.591907501220703 43
1653673737909 4.895580291748047 44
1653673832485 3.1787662506103516 45
1653673928384 4.147820949554443 46
1653674022445 3.766171932220459 47
1653674116443 3.9661755561828613 48
1653674210067 2.885313034057617 49
1653674304097 4.031453609466553 50
1653674398045 3.893538475036621 51
1653674492200 3.222329616546631 52
1653674585981 4.139862537384033 53
1653674678751 3.8365707397460938 54
1653674773443 6.350820541381836 55
1653674867721 3.228504180908203 56
1653674961846 3.001286745071411 57
1653675055645 3.7299787998199463 58
1653675152237 5.349215984344482 59
1653675246832 3.130349636077881 60
1653675343481 2.0976710319519043 61
1653675437171 6.649910926818848 62
1653675530865 3.6179866790771484 63
1653675624756 5.339626312255859 64
1653675719090 2.9049794673919678 65
1653675812318 4.823032379150391 66
1653675907394 4.086629390716553 67
1653676001853 3.7748539447784424 68
1653676095035 2.6788339614868164 69
1653676190149 4.526879787445068 70
1653676284576 3.689239501953125 71
1653676378734 2.3236894607543945 72
1653676472346 4.572178840637207 73
1653676566016 4.385672092437744 74
1653676659938 4.340991020202637 75
1653676757015 4.285434722900391 76
1653676851264 5.288671016693115 77
1653676944113 4.580855846405029 78
1653677038767 4.688366889953613 79
1653677132501 4.788616180419922 80
1653677226347 4.093436241149902 81
1653677319435 2.7408599853515625 82
1653677412558 3.518528938293457 83
1653677505854 4.85460901260376 84
1653677599633 5.337198257446289 85
1653677693720 4.61653470993042 86
1653677786928 5.784913539886475 87
1653677881050 4.149367332458496 88
1653677974963 5.149190902709961 89
1653678066144 4.417644500732422 90
1653678160616 4.329776763916016 91
1653678251904 4.083395481109619 92
1653678344818 4.879651069641113 93
1653678437642 4.347905158996582 94
1653678530991 4.247619152069092 95
1653678624256 7.118612289428711 96
1653678718441 3.3423264026641846 97
1653678811267 5.389746189117432 98
1653678907544 4.799444198608398 99
1653679005316 4.84251594543457 100
1653679097993 4.352173805236816 101
1653679190458 5.805966377258301 102
1653679284238 4.8176445960998535 103
1653679376255 5.267678737640381 104
1653679469040 1.8527883291244507 105
1653679563009 4.74986457824707 106
1653679656057 4.1669206619262695 107
1653679749108 4.208529949188232 108
1653679841920 4.422826766967773 109
1653679935635 5.027288436889648 110
1653680028560 3.6423099040985107 111
1653680121680 4.979198455810547 112
1653680214874 3.7887489795684814 113
1653680308032 2.9135923385620117 114
1653680401046 3.9745771884918213 115
1653680494168 4.86706018447876 116
1653680587055 2.1495957374572754 117
1653680680227 5.155694961547852 118
1653680773952 5.773351192474365 119
1653680869635 5.789775848388672 120
1653680964583 3.716235876083374 121
1653681057798 6.040767192840576 122
1653681152766 4.642604827880859 123
1653681252642 9.150346755981445 124
1653681350379 4.09871244430542 125
1653681447310 2.395181655883789 126
1653681541108 6.066445350646973 127
1653681634405 4.977141380310059 128
1653681727748 3.693805694580078 129
1653681821296 3.416687250137329 130
1653681913939 4.734417915344238 131
1653682006642 6.281651496887207 132
1653682100354 4.859864711761475 133
1653682193120 5.229465484619141 134
1653682286398 4.728702545166016 135
1653682379936 4.210813999176025 136
1653682473017 4.7007269859313965 137
1653682566617 5.320910453796387 138
1653682659535 5.035743713378906 139
1653682755376 6.065911293029785 140
1653682850458 5.058115005493164 141
1653682944352 4.801469802856445 142
1653683038406 3.799546718597412 143
1653683131494 4.010790824890137 144
1653683225845 6.094361305236816 145
1653683319989 6.432835578918457 146
1653683416501 6.9130449295043945 147
1653683509560 4.862910270690918 148
1653683602569 2.9575109481811523 149
1653683695275 5.694682598114014 150
1653683790335 4.324286460876465 151
1653683883160 6.753510475158691 152
1653683975298 4.995397090911865 153
1653684069426 5.430171966552734 154
1653684162090 4.874729156494141 155
1653684253407 5.516458034515381 156
1653684345805 5.805197715759277 157
1653684437365 3.121530055999756 158
1653684530188 6.239083766937256 159
1653684623606 7.923789024353027 160
1653684719043 3.5622782707214355 161
1653684812333 5.754598617553711 162
1653684905290 4.5822296142578125 163
1653684997563 3.770463705062866 164
1653685089966 4.945418357849121 165
1653685184220 9.51166820526123 166
1653685276776 5.1088457107543945 167
1653685369671 4.7214837074279785 168
1653685462657 5.68459415435791 169
1653685556016 4.6148481369018555 170
1653685649200 7.695748329162598 171
1653685747006 4.420799255371094 172
1653685844662 7.298193454742432 173
1653685937938 5.936023712158203 174
1653686032030 1.6724892854690552 175
1653686123051 4.444155693054199 176
1653686206112 5.016530990600586 177
1653686286658 4.204006195068359 178
1653686365838 4.978482246398926 179
1653686444918 9.613381385803223 180
1653686525198 5.160414695739746 181
1653686604306 5.2764434814453125 182
1653686683352 6.6059889793396 183
1653686762497 4.160035610198975 184
1653686841372 5.54838752746582 185
1653686920482 8.54527473449707 186
1653686999396 6.909707069396973 187
1653687078337 2.2336812019348145 188
1653687157378 7.719553470611572 189
1653687236399 11.058897018432617 190
1653687315388 4.885493278503418 191
1653687394337 4.912220001220703 192
1653687473372 7.496501922607422 193
1653687552055 5.01145076751709 194
1653687631054 5.4451189041137695 195
1653687711014 5.128791809082031 196
1653687789959 6.084194183349609 197
1653687868993 9.175214767456055 198
1653687947966 6.032264232635498 199
1653688027160 5.108176231384277 200
1653688106152 5.4832963943481445 201
1653688185035 8.809480667114258 202
1653688264530 5.5145368576049805 203
1653688343496 5.513124465942383 204
1653688424064 5.936845779418945 205
1653688503316 5.366453170776367 206
1653688582421 4.514503479003906 207
1653688661363 7.4649858474731445 208
1653688740335 8.770957946777344 209
1653688819352 7.029365539550781 210
1653688899689 7.1436357498168945 211
1653688979282 6.17835807800293 212
1653689058344 9.740467071533203 213
1653689137074 8.013581275939941 214
1653689216059 9.232868194580078 215
1653689294863 5.401273727416992 216
1653689373975 8.537519454956055 217
1653689452845 6.849817752838135 218
1653689531651 6.045801162719727 219
1653689610737 5.993565082550049 220
1653689689595 5.663211822509766 221
1653689768560 4.982285499572754 222
1653689847409 12.669515609741211 223
1653689926351 4.681199073791504 224
1653690005254 5.246749401092529 225
1653690084841 4.8131232261657715 226
1653690163771 5.172238826751709 227
1653690242849 3.9061083793640137 228
1653690321766 5.215395927429199 229
1653690400530 5.854264259338379 230
1653690479329 5.24432373046875 231
1653690558277 6.765483379364014 232
1653690637198 7.833305358886719 233
1653690716127 6.640883922576904 234
1653690795113 1.862743854522705 235
1653690874018 6.865222454071045 236
1653690952918 6.6735734939575195 237
1653691031822 6.240913391113281 238
1653691110896 5.340587615966797 239
1653691189734 4.920758247375488 240
1653691270368 4.392743110656738 241
1653691349247 11.167236328125 242
1653691428335 4.789128303527832 243
1653691507375 5.847095489501953 244
1653691586247 8.543684005737305 245
1653691665271 5.662093162536621 246
1653691744068 8.666366577148438 247
1653691823205 6.014978885650635 248
1653691902063 9.095748901367188 249
1653691981056 9.238018989562988 250
1653692060065 5.398708343505859 251
1653692139140 5.239153861999512 252
1653692218313 4.111809730529785 253
1653692297241 5.739910125732422 254
1653692376127 6.095698356628418 255
1653692455884 7.503599166870117 256
1653692534771 8.883913040161133 257
1653692613671 5.23322868347168 258
1653692692702 10.198230743408203 259
1653692771586 8.484954833984375 260
1653692850466 7.018429756164551 261
1653692929352 8.090448379516602 262
1653693008792 5.361603260040283 263
1653693088116 6.02070426940918 264
1653693166971 5.193117141723633 265
1653693245935 9.49474048614502 266
1653693324976 6.053058624267578 267
1653693404029 14.630743980407715 268
1653693482935 5.150439262390137 269
1653693561845 5.458052158355713 270
1653693641896 7.886405944824219 271
1653693720895 7.570240020751953 272
1653693799935 5.479552268981934 273
1653693878922 6.142359733581543 274
1653693957812 7.50960636138916 275
1653694036879 6.523928642272949 276
1653694115738 5.896762371063232 277
1653694194699 7.365675449371338 278
1653694273740 5.898247718811035 279
1653694352701 11.821663856506348 280
1653694431526 5.683655261993408 281
1653694510237 5.176157474517822 282
1653694589178 3.996527671813965 283
1653694668149 6.462751865386963 284
1653694747122 5.166619777679443 285
1653694826798 7.185487270355225 286
1653694905829 5.963438510894775 287
1653694984926 6.1550092697143555 288
1653695063834 5.935500144958496 289
1653695142818 7.752461910247803 290
1653695221945 10.453916549682617 291
1653695300951 5.2665839195251465 292
1653695379840 8.355031967163086 293
1653695458795 5.035137176513672 294
1653695537623 4.899806976318359 295
1653695616634 5.372827529907227 296
1653695695634 4.271432399749756 297
1653695774747 6.643291473388672 298
1653695854008 5.486330032348633 299
