1653669345991 7.051790237426758 0
1653669441526 12.997969627380371 1
1653669538887 10.38232707977295 2
1653669635291 9.510017395019531 3
1653669732351 10.752751350402832 4
1653669830616 18.323678970336914 5
1653669929331 8.690489768981934 6
1653670024029 6.422224521636963 7
1653670119244 10.35901927947998 8
1653670215621 13.883630752563477 9
1653670312077 12.973426818847656 10
1653670409349 11.669174194335938 11
1653670509901 9.476804733276367 12
1653670609168 10.134346008300781 13
1653670708942 11.161581993103027 14
1653670814818 9.184723854064941 15
1653670921955 8.868606567382812 16
1653671024804 11.091983795166016 17
1653671132016 9.272455215454102 18
1653671240099 12.736776351928711 19
1653671343840 6.261407375335693 20
1653671446866 6.562647819519043 21
1653671552639 11.295743942260742 22
1653671659705 10.483098983764648 23
1653671764228 11.302682876586914 24
1653671867781 11.738893508911133 25
1653671971029 11.186898231506348 26
1653672071815 12.783051490783691 27
1653672172652 8.365114212036133 28
1653672281014 10.923189163208008 29
1653672389853 10.909602165222168 30
1653672492859 16.465105056762695 31
1653672591366 13.138370513916016 32
1653672688256 15.818272590637207 33
1653672789057 15.716976165771484 34
1653672888340 6.566143989562988 35
1653672983615 11.236188888549805 36
1653673079113 7.147860050201416 37
1653673173696 9.931814193725586 38
1653673267385 10.777198791503906 39
1653673361866 7.622118949890137 40
1653673454384 8.431482315063477 41
1653673548408 14.928934097290039 42
1653673643237 14.590145111083984 43
1653673737897 13.036766052246094 44
1653673832473 8.978567123413086 45
1653673928371 13.584383010864258 46
1653674022432 18.227338790893555 47
1653674116431 14.398992538452148 48
1653674210055 9.604652404785156 49
1653674304084 13.904962539672852 50
1653674398032 9.400224685668945 51
1653674492187 10.632757186889648 52
1653674585969 14.237180709838867 53
1653674678738 10.625860214233398 54
1653674773432 19.54247283935547 55
1653674867708 12.066516876220703 56
1653674961834 11.528533935546875 57
1653675055633 15.634754180908203 58
1653675152224 13.819620132446289 59
1653675246819 8.823163986206055 60
1653675343469 6.850642204284668 61
1653675437160 14.139132499694824 62
1653675530852 10.701777458190918 63
1653675624744 15.116077423095703 64
1653675719076 6.46301794052124 65
1653675812305 12.793622970581055 66
1653675907379 12.23446273803711 67
1653676001839 18.644689559936523 68
1653676095025 9.46812629699707 69
1653676190134 9.230314254760742 70
1653676284565 9.081480026245117 71
1653676378720 7.0655999183654785 72
1653676472333 16.680049896240234 73
1653676566002 18.678842544555664 74
1653676659924 11.867049217224121 75
1653676757002 11.444402694702148 76
1653676851251 14.553564071655273 77
1653676944100 13.467161178588867 78
1653677038754 11.05067253112793 79
1653677132487 10.562135696411133 80
1653677226334 12.962943077087402 81
1653677319422 10.415281295776367 82
1653677412545 14.399518966674805 83
1653677505841 13.827770233154297 84
1653677599622 16.586227416992188 85
1653677693708 13.126691818237305 86
1653677786916 10.616741180419922 87
1653677881038 9.81393051147461 88
1653677974951 13.398781776428223 89
1653678066132 10.12488079071045 90
1653678160602 13.987090110778809 91
1653678251890 15.319820404052734 92
1653678344805 15.684663772583008 93
1653678437628 10.347467422485352 94
1653678530979 16.229461669921875 95
1653678624243 10.778043746948242 96
1653678718428 8.121232032775879 97
1653678811255 13.651357650756836 98
1653678907524 20.318302154541016 99
1653679005303 14.601228713989258 100
1653679097979 12.315065383911133 101
1653679190447 17.78554916381836 102
1653679284226 12.480252265930176 103
1653679376241 18.257497787475586 104
1653679469027 5.461999893188477 105
1653679562995 12.433940887451172 106
1653679656043 12.47099781036377 107
1653679749095 13.750612258911133 108
1653679841906 11.992316246032715 109
1653679935623 16.15172576904297 110
1653680028547 10.853740692138672 111
1653680121668 14.473876953125 112
1653680214862 8.21243953704834 113
1653680308016 14.129593849182129 114
1653680401032 11.968021392822266 115
1653680494155 15.110260009765625 116
1653680587043 6.31510591506958 117
1653680680213 15.614850044250488 118
1653680773940 16.53754997253418 119
1653680869620 14.809855461120605 120
1653680964571 11.244709014892578 121
1653681057785 14.716756820678711 122
1653681152751 9.73794937133789 123
1653681252628 17.31924057006836 124
1653681350364 14.434080123901367 125
1653681447296 10.709939956665039 126
1653681541095 15.956252098083496 127
1653681634390 15.376103401184082 128
1653681727735 7.843338489532471 129
1653681821284 10.047518730163574 130
1653681913924 14.102051734924316 131
1653682006628 14.542634010314941 132
1653682100341 14.766836166381836 133
1653682193107 9.915675163269043 134
1653682286384 8.913593292236328 135
1653682379925 13.82425308227539 136
1653682473004 14.287145614624023 137
1653682566604 12.136998176574707 138
1653682659522 14.89539909362793 139
1653682755364 14.328747749328613 140
1653682850445 17.259258270263672 141
1653682944340 11.445171356201172 142
1653683038392 9.193111419677734 143
1653683131481 9.141678810119629 144
1653683225832 15.60390567779541 145
1653683319976 18.851985931396484 146
1653683416487 12.850004196166992 147
1653683509549 16.735687255859375 148
1653683602555 9.551534652709961 149
1653683695261 11.158154487609863 150
1653683790321 13.548954963684082 151
1653683883146 17.069284439086914 152
1653683975284 12.076650619506836 153
1653684069405 10.46948528289795 154
1653684162078 12.736919403076172 155
1653684253394 15.085014343261719 156
1653684345792 14.085002899169922 157
1653684437351 9.504831314086914 158
1653684530175 17.402000427246094 159
1653684623593 14.612279891967773 160
1653684719031 11.242446899414062 161
1653684812321 13.722097396850586 162
1653684905275 9.72604751586914 163
1653684997551 13.903067588806152 164
1653685089953 15.184199333190918 165
1653685184206 19.65630340576172 166
1653685276763 12.118326187133789 167
1653685369660 13.082677841186523 168
1653685462645 13.950127601623535 169
1653685556002 8.916720390319824 170
1653685649187 21.325881958007812 171
1653685746993 9.112086296081543 172
1653685844649 11.415022850036621 173
1653685937925 15.495501518249512 174
1653686032017 6.502314567565918 175
1653686123041 11.243104934692383 176
1653686206101 20.62349510192871 177
1653686286648 8.812384605407715 178
1653686365829 13.920945167541504 179
1653686444909 19.673397064208984 180
1653686525188 19.621456146240234 181
1653686604296 14.39816951751709 182
1653686683342 11.902081489562988 183
1653686762489 15.631509780883789 184
1653686841364 19.103839874267578 185
1653686920472 18.521711349487305 186
1653686999387 12.131906509399414 187
1653687078327 11.595548629760742 188
1653687157366 15.455764770507812 189
1653687236390 19.54517936706543 190
1653687315380 16.933780670166016 191
1653687394328 12.387310028076172 192
1653687473363 13.096144676208496 193
1653687552046 12.306615829467773 194
1653687631044 15.136702537536621 195
1653687711005 12.776071548461914 196
1653687789949 9.616734504699707 197
1653687868983 22.26671028137207 198
1653687947956 19.91300392150879 199
1653688027150 21.640464782714844 200
1653688106142 11.993451118469238 201
1653688185025 19.431045532226562 202
1653688264520 13.805980682373047 203
1653688343486 13.399725914001465 204
1653688424055 16.873687744140625 205
1653688503304 11.540836334228516 206
1653688582411 12.433223724365234 207
1653688661354 17.230655670166016 208
1653688740325 15.324396133422852 209
1653688819343 17.734054565429688 210
1653688899680 16.79137420654297 211
1653688979272 12.087997436523438 212
1653689058334 16.66324806213379 213
1653689137065 17.57225799560547 214
1653689216050 12.219584465026855 215
1653689294851 14.642577171325684 216
1653689373965 20.19158172607422 217
1653689452836 12.029258728027344 218
1653689531641 18.140033721923828 219
1653689610728 14.28744888305664 220
1653689689586 10.083490371704102 221
1653689768551 11.061792373657227 222
1653689847398 18.273847579956055 223
1653689926342 16.610031127929688 224
1653690005244 9.293962478637695 225
1653690084831 9.929327964782715 226
1653690163762 14.141138076782227 227
1653690242840 10.635902404785156 228
1653690321757 9.747600555419922 229
1653690400520 13.881972312927246 230
1653690479320 15.745985984802246 231
1653690558266 17.399002075195312 232
1653690637186 16.525922775268555 233
1653690716118 15.221851348876953 234
1653690795103 9.839226722717285 235
1653690874008 15.362054824829102 236
1653690952907 14.044929504394531 237
1653691031812 14.242425918579102 238
1653691110886 15.384206771850586 239
1653691189725 16.653902053833008 240
1653691270358 16.677654266357422 241
1653691349238 26.53792953491211 242
1653691428324 10.805414199829102 243
1653691507364 12.431966781616211 244
1653691586237 18.67816925048828 245
1653691665261 16.56739044189453 246
1653691744059 15.679438591003418 247
1653691823194 17.22722625732422 248
1653691902053 19.348827362060547 249
1653691981046 17.000167846679688 250
1653692060056 11.022079467773438 251
1653692139130 11.262497901916504 252
1653692218302 8.187891960144043 253
1653692297231 17.087581634521484 254
1653692376118 14.70661735534668 255
1653692455875 17.36212921142578 256
1653692534761 15.454854011535645 257
1653692613661 16.743568420410156 258
1653692692692 20.78407859802246 259
1653692771575 15.11691951751709 260
1653692850456 14.138931274414062 261
1653692929343 17.466190338134766 262
1653693008782 13.125816345214844 263
1653693088105 15.693049430847168 264
1653693166961 17.60166358947754 265
1653693245926 21.9529972076416 266
1653693324966 17.146928787231445 267
1653693404018 24.145645141601562 268
1653693482924 16.033905029296875 269
1653693561836 10.626062393188477 270
1653693641886 13.024496078491211 271
1653693720885 16.584047317504883 272
1653693799924 15.038558959960938 273
1653693878912 15.765846252441406 274
1653693957802 15.556180000305176 275
1653694036868 18.440780639648438 276
1653694115728 14.136877059936523 277
1653694194690 16.31027603149414 278
1653694273730 12.284893035888672 279
1653694352691 25.717544555664062 280
1653694431516 17.710649490356445 281
1653694510227 10.211163520812988 282
1653694589168 9.950328826904297 283
1653694668137 20.185579299926758 284
1653694747113 9.993280410766602 285
1653694826788 17.634681701660156 286
1653694905819 15.516828536987305 287
1653694984916 14.624156951904297 288
1653695063823 10.63021469116211 289
1653695142807 15.78898811340332 290
1653695221936 21.783912658691406 291
1653695300941 15.533205032348633 292
1653695379830 16.632083892822266 293
1653695458785 15.226678848266602 294
1653695537614 14.068340301513672 295
1653695616624 11.198389053344727 296
1653695695624 8.049884796142578 297
1653695774737 14.799643516540527 298
1653695853998 13.253692626953125 299
