1653669346003 0.056219425052404404 0
1653669441532 0.11218354105949402 1
1653669538896 0.08709108084440231 2
1653669635298 0.07895753532648087 3
1653669732360 0.09155501425266266 4
1653669830624 0.17115172743797302 5
1653669929340 0.07514788210391998 6
1653670024035 0.05683808773756027 7
1653670119252 0.08623801171779633 8
1653670215630 0.12403043359518051 9
1653670312086 0.11085003614425659 10
1653670409356 0.09359870851039886 11
1653670509910 0.07774621248245239 12
1653670609176 0.08356451243162155 13
1653670708949 0.08559738844633102 14
1653670814828 0.0676330178976059 15
1653670921964 0.07000194489955902 16
1653671024814 0.08698287606239319 17
1653671132026 0.07258889079093933 18
1653671240110 0.10026035457849503 19
1653671343852 0.04193338751792908 20
1653671446876 0.04900167137384415 21
1653671552648 0.08822274953126907 22
1653671659714 0.08217480778694153 23
1653671764237 0.07203946262598038 24
1653671867789 0.09458625316619873 25
1653671971038 0.08627976477146149 26
1653672071826 0.09500938653945923 27
1653672172661 0.05694926530122757 28
1653672281023 0.08650851249694824 29
1653672389862 0.0864788293838501 30
1653672492868 0.10586779564619064 31
1653672591372 0.10155099630355835 32
1653672688265 0.12037461251020432 33
1653672789065 0.1213216558098793 34
1653672888349 0.04220125079154968 35
1653672983622 0.08870206773281097 36
1653673079122 0.05127660930156708 37
1653673173703 0.06478999555110931 38
1653673267396 0.08161062002182007 39
1653673361873 0.04636648669838905 40
1653673454392 0.06849219650030136 41
1653673548417 0.11131729185581207 42
1653673643244 0.10998237133026123 43
1653673737905 0.08141185343265533 44
1653673832481 0.057998012751340866 45
1653673928379 0.09436561167240143 46
1653674022441 0.1446116715669632 47
1653674116439 0.10432817041873932 48
1653674210063 0.06719338893890381 49
1653674304092 0.09873508661985397 50
1653674398042 0.05506686493754387 51
1653674492196 0.07410427182912827 52
1653674585977 0.10097318887710571 53
1653674678747 0.0678929015994072 54
1653674773439 0.13191652297973633 55
1653674867717 0.0883801281452179 56
1653674961842 0.08527247607707977 57
1653675055640 0.11904776096343994 58
1653675152233 0.08470404148101807 59
1653675246828 0.05692814290523529 60
1653675343477 0.047529712319374084 61
1653675437167 0.07489221543073654 62
1653675530861 0.07083790749311447 63
1653675624753 0.0977645069360733 64
1653675719087 0.035580385476350784 65
1653675812314 0.07970590144395828 66
1653675907390 0.08147832751274109 67
1653676001848 0.1486983597278595 68
1653676095032 0.06789292395114899 69
1653676190144 0.04703434556722641 70
1653676284573 0.05392240732908249 71
1653676378729 0.04741910472512245 72
1653676472341 0.12107871472835541 73
1653676566011 0.14293169975280762 74
1653676659933 0.07526057958602905 75
1653676757010 0.07158967852592468 76
1653676851260 0.0926489382982254 77
1653676944109 0.0888630598783493 78
1653677038763 0.06362305581569672 79
1653677132496 0.05773518979549408 80
1653677226343 0.08869506418704987 81
1653677319431 0.0767442137002945 82
1653677412554 0.10880990326404572 83
1653677505850 0.0897316187620163 84
1653677599629 0.11249029636383057 85
1653677693716 0.08510157465934753 86
1653677786924 0.0483182817697525 87
1653677881045 0.05664563551545143 88
1653677974959 0.08249591290950775 89
1653678066140 0.057072363793849945 90
1653678160611 0.0965731292963028 91
1653678251899 0.11236423999071121 92
1653678344814 0.10805012285709381 93
1653678437637 0.0599956251680851 94
1653678530987 0.11981843411922455 95
1653678624252 0.036594316363334656 96
1653678718437 0.047789059579372406 97
1653678811263 0.08261610567569733 98
1653678907538 0.15518859028816223 99
1653679005311 0.09758712351322174 100
1653679097989 0.07962891459465027 101
1653679190455 0.11979582905769348 102
1653679284235 0.07662607729434967 103
1653679376250 0.12989819049835205 104
1653679469036 0.036092113703489304 105
1653679563005 0.07684075832366943 106
1653679656053 0.08304077386856079 107
1653679749104 0.09542082995176315 108
1653679841916 0.07569489628076553 109
1653679935631 0.11124436557292938 110
1653680028556 0.07211431115865707 111
1653680121676 0.09494678676128387 112
1653680214870 0.04423690587282181 113
1653680308027 0.11216001212596893 114
1653680401041 0.07993444055318832 115
1653680494163 0.1024319976568222 116
1653680587051 0.041655100882053375 117
1653680680223 0.10459154844284058 118
1653680773948 0.10764198005199432 119
1653680869630 0.09020079672336578 120
1653680964579 0.07528472691774368 121
1653681057794 0.08675988763570786 122
1653681152761 0.050953447818756104 123
1653681252638 0.08168894797563553 124
1653681350374 0.10335367918014526 125
1653681447306 0.08314758539199829 126
1653681541104 0.09889806807041168 127
1653681634401 0.1039896160364151 128
1653681727743 0.04149532690644264 129
1653681821293 0.06630831956863403 130
1653681913935 0.09367633610963821 131
1653682006638 0.08260982483625412 132
1653682100349 0.09906971454620361 133
1653682193115 0.04686209559440613 134
1653682286393 0.041848909109830856 135
1653682379933 0.09613438695669174 136
1653682473012 0.0958641767501831 137
1653682566613 0.06816087663173676 138
1653682659531 0.09859655052423477 139
1653682755372 0.08262836933135986 140
1653682850453 0.12201142311096191 141
1653682944348 0.0664370208978653 142
1653683038402 0.053935643285512924 143
1653683131490 0.05130888149142265 144
1653683225841 0.0950954407453537 145
1653683319985 0.12419149279594421 146
1653683416496 0.059369586408138275 147
1653683509556 0.11872776597738266 148
1653683602564 0.06594023108482361 149
1653683695270 0.05463472008705139 150
1653683790330 0.09224668145179749 151
1653683883156 0.10315774381160736 152
1653683975294 0.07081253826618195 153
1653684069421 0.050393134355545044 154
1653684162086 0.07862190902233124 155
1653684253403 0.09568557143211365 156
1653684345801 0.0827980488538742 157
1653684437361 0.06383301317691803 158
1653684530184 0.11162915825843811 159
1653684623602 0.06688490509986877 160
1653684719039 0.07680168002843857 161
1653684812329 0.07967498153448105 162
1653684905286 0.05143818259239197 163
1653684997560 0.10132603347301483 164
1653685089962 0.10238780826330185 165
1653685184215 0.10144634544849396 166
1653685276770 0.07009480893611908 167
1653685369668 0.08361195027828217 168
1653685462653 0.08265533298254013 169
1653685556011 0.04301872104406357 170
1653685649196 0.13630132377147675 171
1653685747002 0.046912871301174164 172
1653685844657 0.041168294847011566 173
1653685937934 0.09559477865695953 174
1653686032025 0.04829825460910797 175
1653686123048 0.06798949837684631 176
1653686206108 0.15606963634490967 177
1653686286655 0.046083785593509674 178
1653686365835 0.08942463248968124 179
1653686444915 0.10060016810894012 180
1653686525194 0.14461040496826172 181
1653686604303 0.09121726453304291 182
1653686683349 0.05296092480421066 183
1653686762494 0.11471473425626755 184
1653686841370 0.13555452227592468 185
1653686920479 0.09976436197757721 186
1653686999393 0.05222199857234955 187
1653687078334 0.09361867606639862 188
1653687157374 0.07736212015151978 189
1653687236396 0.08486282825469971 190
1653687315386 0.12048286199569702 191
1653687394334 0.07475090026855469 192
1653687473369 0.055996425449848175 193
1653687552052 0.07295164465904236 194
1653687631050 0.0969158411026001 195
1653687711012 0.07647280395030975 196
1653687789955 0.03532540053129196 197
1653687868990 0.13091495633125305 198
1653687947963 0.13880740106105804 199
1653688027156 0.16532287001609802 200
1653688106148 0.06510154902935028 201
1653688185031 0.10621565580368042 202
1653688264527 0.08291444182395935 203
1653688343492 0.07886601239442825 204
1653688424061 0.10936842858791351 205
1653688503312 0.06174382567405701 206
1653688582418 0.07918719947338104 207
1653688661360 0.09765671193599701 208
1653688740332 0.06553437560796738 209
1653688819349 0.10704687982797623 210
1653688899686 0.09647738188505173 211
1653688979279 0.05909638851881027 212
1653689058341 0.06922780722379684 213
1653689137071 0.09558676183223724 214
1653689216057 0.029867159202694893 215
1653689294859 0.092413030564785 216
1653689373972 0.11654061079025269 217
1653689452842 0.05179440975189209 218
1653689531647 0.12094233185052872 219
1653689610734 0.08293883502483368 220
1653689689592 0.0442027822136879 221
1653689768557 0.06079506874084473 222
1653689847405 0.056043319404125214 223
1653689926348 0.11928833276033401 224
1653690005251 0.040472131222486496 225
1653690084838 0.05116204917430878 226
1653690163768 0.08968900144100189 227
1653690242846 0.06729794293642044 228
1653690321763 0.04532204568386078 229
1653690400527 0.08027708530426025 230
1653690479326 0.10501662641763687 231
1653690558273 0.10633517801761627 232
1653690637194 0.0869261771440506 233
1653690716124 0.08580967783927917 234
1653690795110 0.07976482808589935 235
1653690874015 0.08496832102537155 236
1653690952915 0.07371355593204498 237
1653691031818 0.08001512289047241 238
1653691110893 0.10043619573116302 239
1653691189731 0.11733143776655197 240
1653691270365 0.12284910678863525 241
1653691349244 0.15370693802833557 242
1653691428331 0.06016285717487335 243
1653691507372 0.065848708152771 244
1653691586244 0.10134486109018326 245
1653691665268 0.10905298590660095 246
1653691744065 0.07013072073459625 247
1653691823201 0.11212246865034103 248
1653691902060 0.10253077745437622 249
1653691981053 0.07762148976325989 250
1653692060062 0.05623370781540871 251
1653692139136 0.06023344025015831 252
1653692218309 0.0407608225941658 253
1653692297238 0.1134767085313797 254
1653692376124 0.08610919117927551 255
1653692455882 0.09858530759811401 256
1653692534768 0.06570941209793091 257
1653692613668 0.11510339379310608 258
1653692692699 0.10585847496986389 259
1653692771582 0.06631964445114136 260
1653692850463 0.0712050125002861 261
1653692929349 0.09375742077827454 262
1653693008789 0.07764212787151337 263
1653693088113 0.09672345221042633 264
1653693166968 0.12408546358346939 265
1653693245932 0.12458256632089615 266
1653693324972 0.11093869805335999 267
1653693404025 0.09514901041984558 268
1653693482931 0.1088346466422081 269
1653693561843 0.05168010666966438 270
1653693641893 0.05138090252876282 271
1653693720892 0.09013807773590088 272
1653693799932 0.09559006989002228 273
1653693878918 0.09623486548662186 274
1653693957809 0.08046573400497437 275
1653694036876 0.11916852742433548 276
1653694115735 0.08240114152431488 277
1653694194696 0.08944600820541382 278
1653694273737 0.06386645138263702 279
1653694352698 0.13895881175994873 280
1653694431523 0.12026994675397873 281
1653694510234 0.05035005882382393 282
1653694589175 0.05953800678253174 283
1653694668145 0.13722828030586243 284
1653694747119 0.04826660826802254 285
1653694826795 0.1044919490814209 286
1653694905826 0.09553389251232147 287
1653694984923 0.08469147235155106 288
1653695063830 0.04694714769721031 289
1653695142814 0.08036525547504425 290
1653695221942 0.11329996585845947 291
1653695300948 0.1026662141084671 292
1653695379837 0.08277051150798798 293
1653695458792 0.10191541910171509 294
1653695537620 0.09168533235788345 295
1653695616631 0.05825561285018921 296
1653695695630 0.03778452426195145 297
1653695774743 0.08156351745128632 298
1653695854005 0.07767362892627716 299
